0.0000000000,0.0020738998,-0.0058567817,0.0051340689,0.1286644787,-0.0275893249,0.0010306342
0.0097590685,0.0015173714,-0.0107558956,0.0053294529,0.1287622154,-0.0295302365,-0.0040552043
0.0196419954,0.0029439488,-0.0127246371,0.0087889656,0.1163215265,-0.0398220234,-0.009969553
0.0299240351,0.004409031,-0.0151978871,0.0129587278,0.1142474562,-0.0549258739,-0.0130673749
0.0396389961,-0.000723048,-0.0132978549,0.0135297403,0.1181370094,-0.062016543,-0.0192555953
0.0496480465,-0.0088199815,-0.0096222004,0.0068676104,0.1213168204,-0.0575677305,-0.0307474006
0.060773015,-0.0112815341,-0.0080438396,0.0008106459,0.1361783296,-0.0506120883,-0.0312912203
0.0697190762,-0.0018547614,-0.0088720163,-0.001599766,0.1588660628,-0.0549746118,-0.0380625762
0.0793550014,0.0116939703,-0.006997406,8.0489e-05,0.2062002867,-0.0710081682,-0.051629249
0.0892980099,0.0181296635,0.0037256635,-0.0008901131,0.2560671568,-0.0789971203,-0.0638627484
0.0992341042,0.0145834247,0.0082533667,-0.0024396549,0.3025446534,-0.0759800225,-0.0783448517
0.1091370583,0.0070631066,0.0049724584,-0.0024375091,0.3431062102,-0.0706326589,-0.0947467238
0.1191411018,0.0077147046,-0.007035702,0.0007267225,0.4117651582,-0.0737349838,-0.1239355356
0.1289900541,0.0108185569,-0.0002146655,0.004580759,0.4203980565,-0.0783345327,-0.1336081326
0.1389460564,0.0099749723,-0.0027018928,0.0074903001,0.4207583964,-0.0734542832,-0.1453369707
0.1488460302,0.0054220716,-0.0271529853,0.0096054897,0.3869746029,-0.0803843662,-0.1583068222
0.1587620974,-0.0016024549,-0.0511787236,0.0187294707,0.3349632621,-0.0926604718,-0.1584562361
0.1687550545,-0.0008054216,-0.0552659184,0.0185916051,0.2830912471,-0.1081142649,-0.1541789323
0.1786190271,0.0004211227,-0.0592281222,0.011567615,0.2811948061,-0.1175226793,-0.1598376185
0.1885700226,0.0035805861,-0.0475569218,0.0073451032,0.2753843069,-0.137274012,-0.1564748436
0.1984570026,-0.0052785715,-0.0189958513,0.0046174754,0.2919057906,-0.1370468438,-0.1460794508
0.2084079981,-0.0113141974,-0.0128611466,-0.0089236274,0.320558995,-0.1377464533,-0.1329769641
0.218304038,-0.0201688837,-0.0039695497,-0.0094963089,0.3521283865,-0.1255835444,-0.1314134598
0.2282270193,-0.0216291379,-0.0024538182,-0.0126679912,0.3674676418,-0.1188529208,-0.1222553849
0.2383780479,-0.025577588,-0.008760049,-0.0115202442,0.3673101664,-0.1507376283,-0.0610539727
0.2481679916,-0.0355493873,-0.0273841769,-0.0161817446,0.3270977736,-0.4006992579,0.2620686889
0.2579840422,0.1022703797,-0.0181205273,0.0110738501,0.2906897664,-0.4661030471,0.3334396482
0.2680130005,0.0837835222,-0.0099689653,0.0054629673,0.312125802,-0.1446379274,0.0015176265
0.2778830528,0.0039469758,-0.0200757384,-0.0343597904,0.322325021,-0.0450271703,-0.1008603796
0.287831068,-0.0150457462,-0.0139460256,-0.0412753597,0.3040879667,-0.0295832343,-0.0871829167
0.2977340221,-0.0119062504,-0.0121917566,-0.0305142775,0.3207122087,-0.0056954771,-0.0970398113
0.3079140186,-0.0183639955,-0.0268040746,-0.0217447057,0.291158855,0.0121005643,-0.1084314808
0.317595005,-0.0185673069,-0.03069821,-0.0116103664,0.2864968181,0.0283138882,-0.113876842
0.3275660276,-0.0221515726,-0.0374997854,-0.0112773553,0.2682504356,0.0424454212,-0.1201762781
0.3374830484,-0.0292686652,-0.0280697495,-0.0009675395,0.2718108296,0.0548645407,-0.1234318018
0.3473250866,-0.0332395881,-0.0292495042,-0.0007938516,0.2643933892,0.0714986399,-0.1245977283
0.3573060036,-0.0294223856,-0.0279421508,-0.0105719343,0.2743338943,0.0896909609,-0.1230495721
0.3671931028,-0.0222409796,-0.0317422152,-0.0222532526,0.2642721832,0.0941056833,-0.1147892401
0.3776021004,-0.0160669517,-0.0291527584,-0.0304898992,0.2478548735,0.094570145,-0.1004078016
0.3871589899,-0.014573141,-0.0267060921,-0.0294102803,0.2118270993,0.0930588022,-0.0830842108
0.3969700336,-0.0181773137,-0.0348348022,-0.0298195258,0.2102389634,0.0898385048,-0.0789461583
0.4069809914,-0.0215337705,-0.029330492,-0.0246327892,0.1721536368,0.0903618112,-0.06746234
0.4168159962,-0.0273860525,-0.0255738199,-0.023556985,0.1682397574,0.1017095372,-0.0634927005
0.4269100428,-0.0350261778,-0.0274170935,-0.022879757,0.1877170503,0.1166482791,-0.0644463748
0.4367330074,-0.0394341201,-0.0155950105,-0.023338832,0.204509452,0.1407245845,-0.0541920103
0.4468730688,-0.0391104668,-0.0140833547,-0.0216058269,0.2270477712,0.1568902433,-0.053683877
0.4565210342,-0.0324110836,-0.0153218573,-0.0169124976,0.2230028808,0.1635955423,-0.0485426784
0.4663950205,-0.0271404814,-0.0232373029,-0.021963574,0.2096913308,0.1698105633,-0.0337176584
0.4764430523,-0.02749197,-0.0328625068,-0.0327367559,0.2071371973,0.1755659282,-0.0339461565
0.4863160849,-0.0246949624,-0.0247830749,-0.0293010846,0.1920549124,0.1786176413,-0.0267468337
0.4962610006,-0.0232681464,-0.0201833621,-0.0244624987,0.2091980278,0.1846046895,-0.0261377692
0.5061850548,-0.0192433428,-0.0174340382,-0.0097950473,0.1896541566,0.1930887252,-0.0194207449
0.5160770416,-0.0091563305,-0.0351468623,-0.0150958672,0.1844850481,0.2022782266,-0.0268961713
0.526012063,-0.0040362319,-0.0538040623,-0.02559302,0.1237721667,0.2035221905,-0.0231219381
0.5359560251,0.0039286772,-0.0569936186,-0.0317045227,0.0742208585,0.2013250738,-0.0196229797
0.5459100008,0.0029663602,-0.0498408228,-0.039362289,0.0498880856,0.1948892772,-0.0193790328
0.555824995,-0.002387627,-0.0321162343,-0.0405019894,0.0526090376,0.195634976,-0.0308817923
0.5657351017,-0.013125821,-0.0085598519,-0.0348999277,0.0720559806,0.2038665414,-0.0394252129
0.5756790638,-0.0260431003,-0.0028181665,-0.0278866068,0.0802656114,0.2282083631,-0.0476532504
0.585578084,-0.0314854234,-0.0097246682,-0.0177465454,0.0746945441,0.2486771494,-0.0458239242
0.5954830647,-0.0311273169,-0.0226254463,-0.0142472759,0.0546768047,0.2607753575,-0.0502058864
0.6054160595,-0.0222222637,-0.0308417752,-0.0123259202,0.0285448041,0.2632014751,-0.0468031652
0.6153640747,-0.011988326,-0.0340718254,-0.0199206248,0.0056860046,0.2577185631,-0.0529941842
0.6252750158,-0.0115102371,-0.0266419649,-0.0271665826,-0.0170275643,0.2520124912,-0.0554898344
0.6351881027,-0.0162984561,-0.0171770155,-0.0307676569,-0.0325828195,0.2501501441,-0.0558970645
0.6451240778,-0.0195998382,-0.0135014569,-0.0298755541,-0.0556119718,0.2586128712,-0.0579447672
0.6550550461,-0.0206664633,-0.0097956201,-0.0203899518,-0.0719546378,0.262806803,-0.0615374036
0.6649590731,-0.0190350246,-0.0093463054,-0.0103813186,-0.0768537894,0.2671440542,-0.0657473356
0.6749210358,-0.0117521724,0.0042862301,-0.0024211179,-0.073740378,0.2692407668,-0.057974197
0.6848239899,-0.0063012084,0.0074423854,0.0043131937,-0.0559914745,0.2633280158,-0.0812496915
0.6947669983,-0.0147123178,0.0083299587,0.0118711218,-0.0418175086,0.2592304647,-0.0923590362
0.7064530849,-0.0147024831,0.0234687775,0.0073492755,-0.0041023549,0.2748219371,-0.0677666068
0.7152830362,-0.0039751967,0.0416074544,-0.0053887735,0.0375850797,0.2789985836,-0.0327642821
0.7254140377,0.0089523355,0.0465141237,-0.0052270661,0.0972798392,0.2912291586,0.0201074556
0.7352620363,0.059762314,0.0713755339,-0.030363299,0.2807883322,0.3578206897,0.4688563645
0.7449500561,0.2045989186,0.1639182419,-0.0229964629,0.3577888608,0.1998502314,0.2637540698
0.7541730404,0.0331851989,-0.0345429182,-0.0364415422,0.3180397153,0.1236553192,0.0824065134
0.764234066,-0.0696609467,-0.0679756701,-0.0177311078,0.2054852247,0.1613454372,0.0417576246
0.773982048,-0.119762823,-0.0608623177,-0.0299140587,0.1070786715,0.2591465712,0.006582127
0.7839339972,-0.1005428284,-0.0244376659,-0.0304397121,0.0427865013,0.3056176603,0.0056191273
0.7940170765,-0.044482097,0.0087629789,-0.0187383071,0.0020592231,0.3035902083,0.022023268
0.8037500381,-0.0006016929,0.0131413499,-0.010905005,-0.0236575902,0.285457015,0.0524355024
0.8137420416,0.0123123685,0.0030151315,-0.0096046105,-0.0432851799,0.2782366276,0.0720980465
0.8236020803,0.0009936552,-0.0056757475,-0.0166013017,-0.0488293469,0.281024158,0.0778243765
0.833900094,-0.0110823652,0.0043981303,-0.0188660398,-0.0343803652,0.2994116843,0.0846243277
0.8434571028,-0.0139273545,0.020192638,-0.0250829235,0.0009864131,0.3120444119,0.095687896
0.8533850908,-0.0091079017,0.0278017074,-0.0275751725,0.0368143618,0.3179067969,0.1016672626
0.8635160923,-0.0028168103,0.0228421539,-0.0287179723,0.0771332905,0.3181211948,0.0952541009
0.8733910322,-0.0015836199,0.0122564146,-0.0328358784,0.0855969936,0.3143829405,0.0933901966
0.8831630945,-0.0093735298,0.004579999,-0.0358851328,0.0759443641,0.3207337856,0.1026713103
0.8930780888,-0.0203558933,-0.0092345318,-0.0393934026,0.0592321455,0.3323923051,0.1102455705
0.9031680822,-0.0250874292,-0.0116607985,-0.0415895358,0.0430944487,0.3479795158,0.1137750521
0.9131160975,-0.0220119189,-0.0153933009,-0.0401218906,0.0238811653,0.3605711758,0.1212272197
0.9230180979,-0.0142337224,-0.0148092499,-0.0362404957,0.0264340714,0.3649033606,0.1238222048
0.9329440594,-0.0058885356,-0.0083451932,-0.0303322449,0.0359412022,0.3641118705,0.1295319945
0.9428730011,-0.0058255335,-0.002405829,-0.0290510431,0.0407436788,0.3697918653,0.1306694299
0.9527930021,-0.0124791106,-0.0031804733,-0.02484373,0.0404890776,0.3783006668,0.1362345666
0.9627180099,-0.0182308387,-0.0113627007,-0.0203717723,0.0395180956,0.3884624839,0.1385922581
0.9726620913,-0.0214861464,-0.0121774217,-0.0132053867,0.0516352989,0.3951179981,0.1401718408
0.9826180935,-0.0229590368,-0.0071727852,-0.0115991607,0.0739520565,0.4031863213,0.1461841911
0.9925960302,-0.0182247888,-0.00241284,-0.0117074028,0.0950937346,0.4104268849,0.1509375721
1.0026510954,-0.0165059101,-0.0064296345,-0.009253718,0.1101267487,0.4123177528,0.1544518769
1.0123550892,-0.0148464283,-0.0139051592,-0.0089244619,0.1138539314,0.4088234305,0.1545735896
1.0223140717,-0.0158029627,-0.020911023,-0.0094020143,0.106068179,0.4052864909,0.1540899575
1.0321969986,-0.0178889465,-0.0225911885,-0.0046614776,0.0974143296,0.4009167552,0.1582167298
1.042124033,-0.0167233776,-0.0206499249,-0.0006966364,0.0957288146,0.3967616856,0.1620759219
1.0520610809,-0.0134045025,-0.0242297798,-0.0003872883,0.0910468847,0.3920484185,0.1617313623
1.0619770288,-0.0119333109,-0.0287316218,-0.007088698,0.0766146854,0.3899429142,0.1591057628
1.0720880032,-0.0114182672,-0.0349289551,-0.0126830116,0.0641728416,0.3920630813,0.1636195779
1.0818459988,-0.0104759177,-0.0296343863,-0.0110292807,0.0601221696,0.3938125074,0.1585680991
1.0917739868,-0.0108576259,-0.0210954994,-0.0095850602,0.0722296983,0.3950274289,0.1493018568
1.1016920805,-0.0159842204,-0.0218528733,-0.0095581785,0.0623315275,0.4037314355,0.1451047212
1.1115959883,-0.0225436818,-0.0287567973,-0.0085869208,0.0472639836,0.4152061939,0.1489713192
1.1215330362,-0.0230968427,-0.0329208821,-0.0070138942,0.0369069502,0.4279941618,0.1552723646
1.1314719915,-0.0190473031,-0.0283620432,-0.0106383339,0.0357127041,0.4329196811,0.1561056972
1.1414220333,-0.017051233,-0.0242010653,-0.0105596557,0.0409018695,0.438192755,0.1546814442
1.1511360407,-0.0161902439,-0.0258969069,-0.0126126781,0.0412398241,0.4413869381,0.1567714959
1.1612640619,-0.0127551397,-0.0258587003,-0.011068739,0.033452034,0.4409349859,0.1542437524
1.1713510752,-0.0091917953,-0.0307509899,-0.0096006766,0.0272232555,0.4359442294,0.1538812369
1.1812260151,-0.0096619865,-0.0261150524,-0.0071570645,0.0240197368,0.4297403991,0.1522753537
1.1909970045,-0.0093132993,-0.0228399411,9.57478e-05,0.0209459178,0.420352757,0.1472259611
1.2009320259,-0.0115339896,-0.0227137357,-0.0026548277,0.0266035367,0.4229666591,0.1385525763
1.2111120224,-0.0126098534,-0.0227387995,-0.0086551085,0.0290748607,0.424284935,0.1332462579
1.2207700014,-0.01094897,-0.0210869014,-0.0116266385,0.0382180288,0.4278247952,0.128665626
1.2307670116,-0.0062324246,-0.0193735883,-0.0161605254,0.0575887933,0.4267523587,0.1191989556
1.2406250238,-0.004165276,-0.0155721372,-0.0155879632,0.0828499421,0.4273952246,0.1062485352
1.2505440712,-0.0017638047,-0.0122041469,-0.0117595568,0.0991912782,0.4292658269,0.1008454114
1.2604910135,-0.001413687,-0.0141822165,-0.0056348811,0.107892625,0.4326254129,0.0914497748
1.270471096,0.0012825887,-0.0190262049,-8.58676e-05,0.0949184075,0.4316850305,0.0869032294
1.280518055,0.003882126,-0.0284791663,0.0023452865,0.0797815323,0.4292706251,0.0818882287
1.2903000116,0.0019946555,-0.033364661,0.0059941043,0.0530335456,0.4257723093,0.0801525488
1.300170064,0.0010669391,-0.0279000774,0.0103472695,0.0240519624,0.4197863042,0.0835749805
1.3100950718,-0.0035323938,-0.0288310423,0.0036477672,-0.0028894632,0.419893384,0.0896907598
1.3200070858,-0.0070429882,-0.0256635249,0.0024627079,-0.0212756619,0.4122735262,0.095404841
1.3299230337,-0.008754476,-0.0182438418,0.0007965792,-0.0270417593,0.4138386846,0.1006276384
1.3398940563,-0.0095490953,-0.0094557172,0.0028834571,-0.0235727243,0.4123331904,0.105159536
1.3499929905,-0.0106464466,0.0001627884,0.0028841721,-0.0045709829,0.407515794,0.1069444492
1.3597160578,-0.0077858409,0.005336002,0.0023520817,0.0211998951,0.3997300565,0.1105282679
1.3696490526,-0.0081855198,0.0104275728,0.0005073774,0.0498830266,0.3983585238,0.1160423085
1.3795740604,-0.0092354855,0.0115059773,-0.0023488174,0.0790262669,0.401810497,0.1202998981
1.3894799948,-0.0112998327,0.008856901,-0.0015079748,0.1089127958,0.4014408588,0.1218351796
1.3994390965,-0.0103679737,0.0100437487,-0.0009867918,0.1309491098,0.397515893,0.1267607063
1.409355998,-0.0088198027,0.0093369568,0.0016510714,0.1385797858,0.3990839422,0.1278924048
1.4194860458,-0.0106172403,0.0025419153,0.0051928987,0.132825762,0.3979414701,0.1349050403
1.4292570353,-0.0082173785,-0.0065796333,0.002954446,0.11685922,0.4022179842,0.1385409236
1.4391390085,-0.005325987,-0.014085087,-0.0038884054,0.0969113484,0.4056558609,0.1429657638
1.4491250515,-0.0012650032,-0.0148410527,-0.0044704448,0.0904980078,0.4079608023,0.1425977498
1.4590030909,0.0001842241,-0.011958736,-0.0019907723,0.080223538,0.4084905088,0.1463147253
1.4689270258,0.0004912774,-0.0098099587,-0.002318121,0.0813981593,0.411716938,0.1491194218
1.4788500071,-0.0008891661,-0.0090601956,-0.0037562025,0.0867194235,0.4130977988,0.1484110355
1.4889971018,-0.0042169234,-0.0021129951,0.0010913837,0.0905632526,0.416839242,0.1487265825
1.498699069,-0.0028062603,-0.0045371163,0.0029652943,0.10182257,0.4193703234,0.1460988373
1.5086250305,-0.0016015609,-0.0137296831,-0.0016678345,0.0991233662,0.420707494,0.1404726505
1.5185379982,-0.0021236679,-0.0175956562,-0.004109777,0.095313713,0.4170192778,0.1325412244
1.5285199881,-0.0029094657,-0.0155732213,-0.004501916,0.0894639939,0.4165311456,0.1371598095
1.5383890867,-0.0030037006,-0.0115839122,-0.0048378478,0.0909002349,0.4160464406,0.1366703212
1.5483260155,-0.0029257378,-0.0117404154,-0.0046511064,0.0941726416,0.4194592834,0.1335711926
1.5584470034,-0.0041812202,-0.0195396468,-0.0054034959,0.0858739614,0.427624017,0.1344367266
1.5682370663,-0.0021457663,-0.0253314525,-0.0005366575,0.0692777634,0.4258905351,0.135569945
1.5780910254,0.0009789924,-0.0264522396,0.0010350574,0.0471170656,0.4216257632,0.1378006041
1.5880650282,0.0033974806,-0.0262885243,9.46153e-05,0.0326909013,0.4157782793,0.1386498213
1.597933054,0.000137956,-0.0249809138,-0.0020027529,0.0324954242,0.4091416597,0.1373192966
1.6079010963,-0.0042121997,-0.0162874721,-0.0022752653,0.0436285958,0.4104865491,0.1352278143
1.6177999973,-0.0060607186,-0.006407551,0.001726352,0.064673692,0.4179324806,0.1369926929
1.6279290915,-0.0048664501,-0.0085290885,-0.0012190115,0.0810534656,0.4241022468,0.1317486614
1.6374230385,-0.0044644913,-0.0141715808,0.0026484956,0.0877534449,0.4281225502,0.1360603273
1.6475720406,0.002153174,-0.0158726238,0.0072967042,0.0950374529,0.4198550284,0.1372527331
1.6575340033,0.0052656392,-0.0166600496,0.0094085559,0.1067625582,0.4153665304,0.1284384578
1.667476058,0.0083238641,-0.0153625896,0.0095150694,0.1190744415,0.407163471,0.1190030128
1.6775660515,0.0112528065,-0.0125106303,0.0120389685,0.1171050295,0.396530807,0.1106321663
1.6874420643,0.0107507417,-0.0186708868,0.0126368031,0.1157741547,0.3873647451,0.1023649797
1.6974080801,0.01048188,-0.0241886415,0.0140298232,0.1051356271,0.3782615066,0.0947523341
1.7071540356,0.0111689279,-0.0251780413,0.0109040365,0.0962518528,0.3687255085,0.0927051902
1.7172009945,0.0084992955,-0.0194929391,0.0075897207,0.0853150487,0.3643592596,0.0912271366
1.7270040512,0.0062445709,-0.0190177262,0.0027831425,0.0757407248,0.3623019755,0.0850495696
1.7369060516,0.0037099132,-0.0179774798,0.0005665052,0.0668146014,0.3588979244,0.0827520639
1.7468570471,0.0043547163,-0.0164386258,-0.0023053656,0.0594372079,0.3573841751,0.0856755525
1.7567499876,0.0040582279,-0.0103053702,0.0049427976,0.0532554761,0.3603717089,0.0913922936
1.7669360638,0.0027459869,-0.0088722808,0.006341659,0.0442628674,0.3655819297,0.0878885984
1.7766200304,0.002842457,-0.0161289014,-0.0013211143,0.0265866704,0.3766013086,0.0880910009
1.786648035,0.0016267161,-0.0181728378,-0.0067828665,0.0051159109,0.3787738979,0.0966485664
1.7964830399,-0.0001785149,-0.0157498196,-0.0087858215,-0.0057362048,0.3826107383,0.1008201391
1.8063830137,0.0022911588,-0.0112593016,-0.0112393871,-0.0030121459,0.3903522789,0.0956457183
1.8163850307,0.003539891,-0.0030862533,-0.0079353824,0.0025269629,0.3923799992,0.0980417654
1.8262380362,0.0027500102,0.000447706,-0.004008628,0.0128577203,0.3985073864,0.0990068689
1.836400032,0.0002564798,-0.002720292,-0.004959322,0.0183366407,0.3995044827,0.093965508
1.8461101055,0.0008056621,-0.0017504835,-0.0053575407,0.024803862,0.4031138718,0.0985886157
1.8560310602,0.0041411379,-0.0046884748,-0.0113087669,0.0331411548,0.4071328342,0.1029005423
1.8659499884,0.0065436671,-0.0043711099,-0.0165637508,0.0365411229,0.4136136472,0.1014252156
1.87588799,0.0097976485,-0.0088448143,-0.0174956098,0.042056527,0.4143859744,0.09881372
1.8858140707,0.0126665467,-0.0133829331,-0.0140830055,0.0276848692,0.4162387252,0.0968829617
1.8957390785,0.015824819,-0.0166574828,-0.00798098,0.010952495,0.4119571447,0.0941979662
1.9058719873,0.0137438038,-0.0174090639,-0.003375269,-0.0096838968,0.4069362879,0.0904068798
1.9155900478,0.0094974944,-0.0200707763,-0.0048498283,-0.0281092413,0.408786118,0.0930809602
1.9254990816,0.005560548,-0.0194843709,-0.0094561949,-0.0420316271,0.4103265107,0.0974341035
1.93544209,0.0056127394,-0.0147760054,-0.0101862922,-0.0501300357,0.4088377953,0.1040446013
1.9453290701,0.0055104354,-0.0081315516,-0.0103512779,-0.0366144031,0.4114399552,0.1080679372
1.9552630186,0.007477426,-0.0030312866,-0.0143471733,-0.0071446616,0.4095328748,0.1027703807
1.9651720524,0.0047003338,0.0080927098,-0.0146330371,0.0255128834,0.4128344059,0.1061304212
1.9757480621,0.0038132379,0.0219119415,-0.0072232853,0.065925017,0.4144719839,0.1160823926
1.9851400852,0.0023725415,0.0243574381,-0.0067441831,0.1010150984,0.4137715697,0.1210118681
1.99497509,0.0027242834,0.0119962925,-0.0063180695,0.1137636453,0.4172744155,0.1176901087
2.0049140453,0.0033891285,-0.0072344127,-0.0091929808,0.0986620188,0.4181841612,0.1181304231
2.0148510933,0.0059786225,-0.023334723,-0.0078682676,0.0711164102,0.4177823067,0.1209160909
2.0250229836,0.0086946571,-0.0268524028,0.0022893178,0.0470639803,0.410830915,0.1215963662
2.0347471237,0.0151487151,-0.0186698474,0.0057021012,0.0330320522,0.3997007608,0.1150825396
2.0448560715,0.0142961936,-0.0066680345,0.009437643,0.0354067907,0.3939395547,0.1120546907
2.054582119,0.0106053399,0.0026392161,0.0066098799,0.0528827235,0.3937073052,0.1051469818
2.0644910336,0.0096497508,0.0049009328,0.0002495277,0.0734713525,0.3970463574,0.1059985608
2.0744318962,0.0093890587,-0.0003502437,-0.0085209385,0.0921845883,0.3980434537,0.1010653228
2.0843648911,0.008622651,-0.0047380473,-0.0077421437,0.0963929147,0.4011444449,0.1024201363
2.0943179131,0.0092592137,-0.0089371605,-0.0021829377,0.0862025991,0.3995966017,0.1066002399
2.1043181419,0.0096156681,-0.0122580519,0.0017864335,0.0779459998,0.3980402946,0.1071444526
2.1143610477,0.0064076642,-0.0139902076,0.0032016863,0.064755626,0.399849087,0.1055750549
2.1239829063,0.0051190285,-0.0163305886,0.0050353636,0.045661293,0.4037308991,0.1108203456
2.1339030266,0.0012726478,-0.0189220011,0.003793441,0.0306810141,0.4057876766,0.1154451966
2.1438379288,0.0029633632,-0.0196581967,0.0031123986,0.0220075436,0.409776032,0.1218112856
2.1537661552,0.0049405517,-0.0137199154,-0.0016437542,0.0160085056,0.4097595215,0.1253631413
2.1636750698,0.0076382952,-0.0147633171,-0.0054372321,0.0207607392,0.4147830307,0.1251985133
2.1736121178,0.0081762085,-0.0163770951,-0.0107522383,0.0339077003,0.4180952013,0.1246501803
2.1837449074,0.0114963399,-0.008617756,-0.0062674056,0.0477306582,0.4109496772,0.1242165491
2.1934680939,0.0100758933,-0.0029434368,-0.0010162961,0.0612153076,0.4107243717,0.1294507235
2.2034070492,0.0089795245,-0.0018505448,2.66064e-05,0.076181829,0.4080848992,0.127459541
2.213321209,0.0085038068,-0.0069679967,-0.0030796896,0.0717676356,0.4048939049,0.1267756373
2.2232451439,0.0062358966,-0.0098159676,-0.007943131,0.0648791119,0.4080958366,0.1282964498
2.2331550121,0.0059570652,-0.018624831,-0.0069658528,0.0670368001,0.4068937004,0.125005573
2.2430891991,0.0090729827,-0.0249733552,-0.008504428,0.083385326,0.4071933031,0.1164855212
2.2532200813,0.0094178123,-0.0129076233,-0.0059975157,0.0873345286,0.4072404206,0.1149962842
2.2629861832,0.0108280508,-0.0015999147,0.0003381002,0.0977854803,0.406724304,0.1171389967
2.272851944,0.0086685652,-0.0014218552,0.0004186261,0.1109114066,0.4059346914,0.112294443
2.2827959061,0.0097519467,-0.0128436545,-0.0010270249,0.1060093194,0.4086737335,0.1030760109
2.2927200794,0.0071124928,-0.0205932483,-0.0020484696,0.0857213587,0.4067956805,0.101194486
2.3026731014,0.0092548849,-0.0301610213,-0.0002367866,0.0668563247,0.4064705074,0.1009434462
2.3125801086,0.0113009186,-0.0326432623,-0.0038124095,0.0448029563,0.3966857791,0.0972712189
2.322701931,0.0134014683,-0.0236567631,-0.0016065609,0.0344072208,0.397597909,0.0967189446
2.3324079514,0.0155039886,-0.0190179851,-0.0088633671,0.0435397327,0.402841419,0.0910445452
2.3423480988,0.0131473104,-0.0166273285,-0.0059307585,0.0371221341,0.4048345387,0.0821144655
2.3522720337,0.0124383951,-0.0214568265,-0.0039923559,0.0297065638,0.4066007435,0.0775761753
2.3621990681,0.0114481235,-0.0290531479,-0.0027879844,0.0206674412,0.4082886577,0.0797421262
2.3721251488,0.010509097,-0.028320292,0.0018006194,0.0172221083,0.4141907394,0.078119196
2.3820440769,0.0108171934,-0.0245693121,0.0004369247,0.0196272098,0.4127976298,0.0766767934
2.3921780586,0.0114451433,-0.0248029884,-0.0018448603,0.0235740133,0.4149082005,0.0725443661
2.4018850327,0.0124698887,-0.0227804426,-0.0009267103,0.0129818227,0.4150655866,0.0714668557
2.41188097,0.0127115333,-0.021310281,0.000189029,0.0064006196,0.412030369,0.0721062794
2.4217460155,0.0111202011,-0.0203489568,0.0026312103,0.0107484069,0.4124173522,0.0672929436
2.4318199158,0.0088964263,-0.0171721354,0.0066316356,0.0224308968,0.410805881,0.062392991
2.441617012,0.0079399804,-0.0102660516,0.0106213912,0.0407798998,0.4044907093,0.0612080842
2.451526165,0.0070759067,-0.0046736994,0.0152276382,0.0574257225,0.4040225148,0.0626493916
2.4616789818,0.0020146528,-0.0062044836,0.0188780054,0.0712153912,0.3982815742,0.0612659119
2.4713730812,0.0037146444,-0.0096766474,0.0179752931,0.0866068676,0.3882030845,0.0624869727
2.481071949,0.0067658806,-0.0053785718,0.0149296746,0.0950931162,0.3816775382,0.0659177527
2.4912099838,0.0101045975,-0.0039197034,0.0208349451,0.1068275347,0.3709383309,0.0661875308
2.5011711121,0.0155901918,-0.0069582709,0.0207739696,0.1155542657,0.3612345755,0.055884961
2.5110659599,0.0163265932,-0.0098364362,0.0164981112,0.11522457,0.3558270335,0.0484158583
2.5212059021,0.0148268798,-0.0121921515,0.018564187,0.1119210124,0.3501686156,0.048483938
2.5311341286,0.0126962969,-0.0132303145,0.016624473,0.11710006,0.3504391909,0.0439855903
2.5409040451,0.0107613215,-0.0145382667,0.017681621,0.1082268506,0.3468593955,0.0384354666
2.5507690907,0.0064243535,-0.0117050158,0.0202856883,0.0987968594,0.3423767686,0.0387957916
2.5607771873,0.0058720121,-0.0114675146,0.0210331902,0.0947413146,0.3396680355,0.0447626375
2.5706260204,0.0103104422,-0.0056869914,0.0250386819,0.1118369401,0.3327563405,0.050120119
2.5806040764,0.0154680619,0.0062110913,0.0230729207,0.1172087118,0.3224794865,0.052116856
2.5904700756,0.0182886142,0.0116670234,0.0210190639,0.1440680176,0.3124920726,0.0564412959
2.6006290913,0.0134917805,0.0081628216,0.0148134455,0.1553440243,0.3107916713,0.0636602566
2.6103281975,0.0089747915,0.0083366176,0.014745377,0.1616732925,0.3127101958,0.0724212602
2.6202449799,0.004707695,0.0032070593,0.0180354342,0.1561616212,0.3137546778,0.0727302879
2.630202055,0.0018178831,-0.0075978287,0.0232807025,0.1387653202,0.3183885813,0.0747545585
2.6400918961,0.0030988017,-0.0141258659,0.0245015845,0.1095449328,0.317720145,0.0717967823
2.6500380039,0.0073823193,-0.0217639096,0.0238803253,0.0795811787,0.3174655437,0.0728870779
2.6599521637,0.013153703,-0.0259452462,0.0241942033,0.056903027,0.3186469078,0.0668297186
2.6701610088,0.018439414,-0.0222626776,0.0217264518,0.0413254015,0.3159211576,0.0553072877
2.679792881,0.018141361,-0.0171452034,0.0224628672,0.0335207433,0.3097652495,0.0460189134
2.6897449493,0.0157155115,-0.0158869512,0.024334453,0.036311999,0.3040282726,0.0390875041
2.6998000145,0.0187220592,-0.0132471872,0.0211568102,0.0400466397,0.2998197079,0.0402454175
2.7096161842,0.0217842925,-0.0105359256,0.0193120465,0.0541619249,0.288545996,0.0368791819
2.7195100784,0.023020776,-0.0137298163,0.0126016364,0.0634184554,0.2806848586,0.0277594831
2.7295069695,0.0189463515,-0.0103856334,0.0135495886,0.0778250918,0.2780544758,0.0238840505
2.7395670414,0.0132435272,-0.0093738986,0.0122584328,0.1010167822,0.2754531205,0.0228533093
2.7493538857,0.0085392455,-0.0064255889,0.0204756483,0.1144055575,0.2748816013,0.0221486371
2.7592082024,0.0041565159,-0.0073937024,0.0223290548,0.1224831045,0.2667706609,0.0246225465
2.7692141533,0.0069986144,-0.0105969263,0.0217879638,0.1218274385,0.2650380135,0.0327222832
2.7790620327,0.0117899487,-0.0126438504,0.0148660764,0.1147790253,0.2642566562,0.041348327
2.7889862061,0.0163240302,-0.0153649924,0.009763442,0.097989127,0.2651155293,0.0409488529
2.7989139557,0.0240423996,-0.0150209842,0.0142771229,0.0881134123,0.2606784403,0.0433696657
2.8090791702,0.0271789152,-0.0169526339,0.0202961192,0.0835434273,0.2483517081,0.0431536846
2.8187520504,0.0294792671,-0.0125532066,0.0160562024,0.0928096324,0.2377632409,0.0393375419
2.8286480904,0.0235771257,-0.0037048787,0.0117926225,0.1056660414,0.2354961038,0.038882941
2.8386878967,0.0172072072,0.0043932763,0.0007047284,0.1234183162,0.232521072,0.0391552858
2.8485379219,0.0111580053,0.0056636003,-0.0047549973,0.1325127482,0.2421465367,0.037931297
2.8585319519,0.0088064978,0.0019028025,-0.0040182839,0.1360690445,0.2472305149,0.0387981869
2.8685898781,0.0062239775,-0.0040577198,0.0026448001,0.1396448761,0.2517768145,0.0360711105
2.8783721924,0.007178993,-0.0064365747,0.0133008584,0.1437552869,0.2496545315,0.0333331786
2.8882451057,0.0084990272,-0.0005004586,0.0116642937,0.154317379,0.2462597936,0.0374051519
2.8982381821,0.0091936002,0.0034705705,0.006685697,0.1641129255,0.2517845333,0.03939813
2.9081001282,0.0101674804,0.003976204,0.0009377826,0.172608152,0.2483650297,0.0401014723
2.918061018,0.0169808734,-0.0021141276,-4.28926e-05,0.1688013375,0.2506388426,0.0407026783
2.9279241562,0.0194605906,-0.0066630873,-0.0008235347,0.1607777625,0.2462523431,0.0388320759
2.9378900528,0.0192008931,-0.0119587136,-0.0037323607,0.1474415511,0.2440528423,0.0338981375
2.9480009079,0.0139233479,-0.009167417,-0.0012926232,0.1371303201,0.2461239696,0.0327766798
2.9579429626,0.0083184699,-0.0096020987,0.0003103245,0.1258924007,0.2498526722,0.0251565091
2.9677140713,0.0023619989,-0.0134893833,-0.0010567677,0.1177503094,0.2508843839,0.0193375032
2.9795920849,0.0036572376,-0.0177784562,-0.00430683,0.1014790237,0.2540407479,0.0136068137
2.9874360561,0.0044698277,-0.0172125176,-0.0045284997,0.0813109055,0.2621130645,0.008782763
2.9972581863,0.0043649832,-0.0179451331,-0.0022721062,0.0599877723,0.2703603506,0.0070203166
3.0071539879,-0.0005989511,-0.0142418249,0.002080821,0.0367077477,0.2815565467,0.0075918306
3.0174751282,-0.0036124429,-0.0120809292,0.0057114591,0.0316091254,0.2840383351,0.0117670679
3.0272369385,0.0012633066,-0.0130273616,0.0097719654,0.0332174078,0.288307637,0.016834531
3.0373649597,0.0101750353,-0.0073113511,0.0065694083,0.0374395847,0.2818140388,0.0243623555
3.0469150543,0.015879469,-0.0071423124,0.0051514735,0.0441403612,0.2816904783,0.0250270795
3.056828022,0.0181729961,-0.0073177065,0.0087475404,0.0516935326,0.277820915,0.0239638798
3.0668170452,0.0183339287,-0.0066752355,0.0073409905,0.0624907874,0.2758712173,0.0225137882
3.0766739845,0.0152112404,-0.0055469121,0.0116053447,0.0782224312,0.2767681777,0.0203768667
3.0866851807,0.0169263054,-0.0088474965,0.0203230605,0.0966869295,0.2717723548,0.0161837209
3.0965251923,0.0156556237,-0.0141004389,0.017088376,0.0986999273,0.2628986835,0.0162242018
3.1065020561,0.0131443599,-0.015636608,0.015651606,0.0901048407,0.264079541,0.0165496394
3.1164269447,0.0088847736,-0.0184026137,0.0187556371,0.0750517622,0.2601521611,0.0190112311
3.1263542175,0.0068048993,-0.0150627187,0.025037013,0.0649970025,0.2606579065,0.0125176469
3.1363902092,0.0041447142,-0.0130486032,0.0333401188,0.0601640716,0.2581715882,0.0134792477
3.146351099,0.0039964477,-0.0106428666,0.0364851579,0.0637612045,0.2509320378,0.0162790287
3.1564910412,0.001252846,-0.0077587734,0.0415259227,0.0711623952,0.2458419502,0.0293830466
3.1662120819,0.0106748799,-0.0046852413,0.0407098755,0.1036652103,0.2338753045,0.0400607251
3.1761269569,0.023132639,0.0039030842,0.0340274796,0.1369353682,0.2238056362,0.0457845889
3.1860530376,0.0289684702,0.0125531862,0.0309791788,0.1762715876,0.2116837204,0.0480125919
3.1959428787,0.0289858449,0.0109893391,0.0321554169,0.2026906013,0.199885115,0.0401843935
3.2058780193,0.0235008765,-0.0008808517,0.0364337787,0.2080725729,0.1892796159,0.0329342037
3.2157969475,0.0137786726,-0.0124403527,0.0452338085,0.1895105243,0.1836968213,0.0252237879
3.225965023,0.000960217,-0.0247992128,0.051464878,0.151231572,0.177289784,0.0269327387
3.2355999947,-0.0012886067,-0.0336186066,0.050050877,0.1135558337,0.1722169966,0.0269959886
3.245650053,0.0022295872,-0.0392431766,0.0419646725,0.0662905872,0.1725810617,0.0288104005
3.2555730343,0.0098925987,-0.0365949422,0.0362228975,0.0382169597,0.1717533469,0.0274157021
3.2654550076,0.018625902,-0.0313549116,0.030224286,0.0164613314,0.1788456142,0.027222624
3.2754120827,0.0230749715,-0.016881004,0.0342769846,0.0151803512,0.1778642386,0.0184973758
3.2852721214,0.0207736362,-0.0076951827,0.0414636359,0.0346038491,0.1752617955,0.0096349083
3.2954289913,0.0122634629,0.0009840584,0.0440962538,0.0475428179,0.1742588431,0.0076719588
3.3052039146,0.0004957776,-6.73973e-05,0.0450362191,0.0641473606,0.1699479818,0.0080386763
3.3150811195,-0.0084228953,-0.0061824913,0.040453814,0.062857151,0.1714857072,0.0104170125
3.3247270584,-0.003855302,-0.0126409447,0.0422253832,0.0478462391,0.1682219952,0.0174336433
3.3349661827,0.0098965028,-0.0222577676,0.0456542596,0.0279439948,0.1590812206,0.0178519581
3.3448991776,0.0205112863,-0.0275854319,0.0502028689,0.014545898,0.1471928656,0.0140851829
3.3548159599,0.0295017529,-0.0267466009,0.0500399098,-0.0035929815,0.1325313747,0.0055000512
3.3649048805,0.0314504951,-0.0157642737,0.0528123602,-0.0056867586,0.120646745,-0.001867584
3.3746671677,0.0280525554,-0.01065196,0.0483547077,-0.0027182219,0.108437486,-0.0109038223
3.3846020699,0.0226174165,-0.0089875003,0.0452695116,-0.0078999344,0.1020179316,-0.0118921213
3.3944811821,0.018931197,-0.0132095283,0.0501392111,-0.0186261702,0.0951312631,-0.0151539613
3.4044840336,0.0142157832,-0.0190234333,0.0489750728,-0.0237777885,0.0874523073,-0.016346259
3.4143500328,0.0100955525,-0.0199353099,0.0496047363,-0.0196446534,0.0828266665,-0.021357961
3.4242520332,0.0132033983,-0.0068267803,0.045620583,-4.72488e-05,0.0794484466,-0.0222474579
3.434223175,0.0178917814,0.0025864996,0.0384102091,0.0318566225,0.0705071464,-0.0249575898
3.4441421032,0.0184705425,0.0089363614,0.0299962386,0.0568645038,0.0730664432,-0.020776961
3.454005003,0.0182603467,0.011576117,0.0307454094,0.0806865692,0.0732510015,-0.0202753525
3.46393013,0.0162238944,0.0070589338,0.0375940427,0.0905152336,0.0654239729,-0.0182303116
3.4739151001,0.0181045998,-0.001712426,0.0381866321,0.0807973593,0.0601322725,-0.0096462779
3.483795166,0.0185783971,-0.0089520877,0.0372598991,0.0635302216,0.0579346307,-0.0027769203
3.4937019348,0.0213969816,-0.0081860786,0.0395598635,0.0482528172,0.0483493805,0.0055123349
3.5036950111,0.0247603226,-0.0107400632,0.0385914668,0.0399578698,0.0418038629,0.0068838629
3.5135540962,0.0240913201,-0.0083870506,0.0339247212,0.0330244191,0.0412163734,0.006146933
3.5235490799,0.0206219424,-0.0035421543,0.0294969901,0.0206937157,0.0393257923,0.0068116579
3.5334029198,0.0150721828,0.0020690865,0.0294460282,0.0238547996,0.0362282731,0.0121716689
3.5434000492,0.0154518047,-0.0004860231,0.0205345973,0.0328528211,0.0371467955,0.0111183887
3.5532541275,0.0242691208,-0.0048273648,0.0249923691,0.0292069539,0.0311722588,0.0106221084
3.5632560253,0.0300260652,-0.0098280003,0.0264886841,0.0412622839,0.0234195311,0.0047599585
3.5731050968,0.0277826656,-0.009007684,0.0246530995,0.0424133055,0.0311152674,-6.8319e-05
3.5831010342,0.023020016,0.0004147,0.024875246,0.0537988506,0.0271879043,0.0001681696
3.5929589272,0.0202493835,0.0037807829,0.0292352661,0.0655873343,0.0214000568,0.0016386673
3.6029560566,0.0250915755,-0.0018813753,0.0258459076,0.0594197139,0.0129189529,-0.0055545303
3.6128029823,0.0282621253,-0.0191590786,0.0141744837,0.0276806075,0.0086634886,-0.0029053178
3.6227731705,0.030239122,-0.0261195973,0.0151711926,-0.0022477298,0.0097122416,-0.0035825598
3.6326210499,0.028676616,-0.0147507926,0.0154394731,0.003445931,0.0068408209,-0.0035317268
3.6426520348,0.0248252917,0.0022085242,0.0164975151,0.034628883,0.0035824433,-0.0098183844
3.6525101662,0.0150785008,0.0170265734,0.0187279806,0.0653290972,0.0077854437,-0.0103295781
3.6624941826,0.0066202739,0.0188899189,0.0232862458,0.0798680857,0.0092549771,-0.0050416058
3.6724140644,0.0073628286,0.0094204107,0.0242966637,0.0728105381,0.0056586433,-0.0008386718
3.6820690632,0.0128944675,-0.0078988587,0.0125501379,0.052556131,0.0070570693,0.0049062995
3.6920390129,0.0202091206,-0.0174272209,0.0084070787,0.0142556131,0.0088483123,0.0056831436
3.702682972,0.0265439022,-0.0164559558,0.0102493986,-0.0144694205,0.0055119037,0.0049396884
3.7122740746,0.0260599721,-0.0136354631,0.0172751173,-0.0355409719,0.0040309196,0.0035838734
3.7220511436,0.0156428386,-0.0115963956,0.021313332,-0.0481643528,0.002886293,-0.000248149
3.7319350243,0.0151417116,-0.0065057646,0.0199828371,-0.0425030068,0.0025043958,0.0043395786
3.7418320179,0.0144636491,0.0023204989,0.0188352689,-0.0268731806,-0.0025715893,0.0068517383
3.7517549992,0.0150721529,0.0055458252,0.0157590732,-0.0143312896,-0.0028051487,0.0021069509
3.7617599964,0.0094780186,0.0064479639,0.0111692175,-0.0040544178,0.0020804205,0.0033988503
3.7718019485,0.0073734382,-0.0008993589,0.0137227997,-0.0024755187,0.003466862,0.0037735235
3.7815599442,0.0151860872,-0.0073029394,0.0142287239,0.0026971388,-0.0032459018,0.0046688784
3.7914550304,0.024018364,-0.0062219347,0.0183954462,0.0064919656,-0.0080222813,0.0021143744
3.8014578819,0.0290696789,-0.0022298463,0.0191241726,0.014932855,-0.0163390674,-0.0006558455
3.811314106,0.0249426235,0.0015489912,0.0191597566,0.0280566458,-0.0246758256,-0.0016921151
3.8213000298,0.0173748601,0.0014843723,0.0174699053,0.0368549302,-0.0264052823,-0.003282022
3.8311550617,0.0092419842,-0.0018928567,0.0175425038,0.0450856946,-0.0231884513,0.0024379818
3.841356039,0.0091137448,-0.0088722026,0.0161149725,0.036490079,-0.0263411012,-0.0017586276
3.8509778976,0.0153011242,-0.0144837489,0.017270945,0.0168230776,-0.0298801754,0.0041584172
3.8609819412,0.0191049445,-0.0173233151,0.0147416815,-0.0074175466,-0.0334552005,0.0026286973
3.8708670139,0.021497326,-0.0214088112,0.0112793073,-0.0315459631,-0.0324826166,-0.0015156141
3.8808231354,0.0202438999,-0.01982072,0.0095479712,-0.0398997664,-0.0311686117,-0.0104350736
3.890707016,0.0166469682,-0.0148560097,0.0113448724,-0.0407827832,-0.0302266516,-0.0146610765
3.9007139206,0.0082271257,-0.007712252,0.0108720288,-0.0343725532,-0.0276649576,-0.0096753733
3.9107630253,0.002345995,-0.0029936873,0.0085527524,-0.0224415045,-0.0246302858,-0.0034894156
3.9205780029,0.0086806575,-0.0083657866,0.0025313725,-0.0172398183,-0.0258497465,0.0010608612
3.9304189682,0.0252382625,-0.0119431755,-0.0005172264,-0.0095793242,-0.0328410789,-0.0008445974
3.9404149055,0.0322074741,-0.0065616961,-0.0002362501,-0.0012814463,-0.0346291251,-0.0054784976
3.9501709938,0.0269905496,-0.0011810357,-0.0027016769,0.0140491296,-0.0333119258,-0.0082241837
3.960214138,0.0197393764,-0.0005568185,-0.0025136841,0.0357656106,-0.0303246565,-0.0120548746
3.9701299667,0.009828941,0.0001046366,0.0017994273,0.0483509079,-0.0245530531,-0.0087020211
3.9803750515,0.005171136,-0.0010327616,0.0067585339,0.0428139344,-0.0275523067,-0.0099270754
3.9899740219,0.0028138021,-0.0114733716,0.0073746671,0.0257104896,-0.0242742207,-0.0030885437
3.9999780655,0.008212016,-0.0197185203,0.0052435626,0.0027692218,-0.0231498349,0.0004726355
4.0098228455,0.0181749929,-0.0190883949,0.0063397516,-0.0158949215,-0.0228161402,0.0030136905
4.0197849274,0.0240352917,-0.0109410947,0.0080950484,-0.0148661435,-0.0272476412,0.0002543894
4.0296568871,0.0255452562,-0.0056829075,0.0072426428,-0.0090453597,-0.0292609911,0.0016482879
4.0396690369,0.0239593852,-0.0048089619,0.0022629728,-0.0120776352,-0.0297193211,0.0054299766
4.0497288704,0.0240583587,-0.0054102014,0.001181804,-0.0098268194,-0.0303938985,0.0073641641
4.0595221519,0.0230242778,-0.0043851803,-0.0018898022,0.0006172988,-0.0231010988,0.0072208857
4.0693750381,0.0190232564,-0.0041782553,-0.0034091247,0.0169877503,-0.0213865563,0.0013123634
4.0793709755,0.012768344,-0.0018228361,-0.0032782925,0.0278212223,-0.0164285488,-0.0031692039
4.0892248154,0.0127284983,-0.0020470165,-0.0023985873,0.0264989641,-0.0115011679,-0.0030064848
4.0992202759,0.0133474628,-0.0114385923,-0.0018702518,0.0104382383,-0.0067626061,-0.0097844955
4.1090760231,0.0143392542,-0.0157119334,0.0008666742,-0.0119444774,-0.0053508645,-0.0095904181
4.1192121506,0.0170000065,-0.0187162682,0.0085278973,-0.0230543874,-0.0044935928,-0.0058132568
4.1287469864,0.0202225316,-0.0122614568,0.0076467027,-0.029142106,-0.007434255,-0.0080320369
4.1388549805,0.0168746877,-0.0046424638,0.0055316915,-0.032896094,-0.0112596201,-0.0085122045
4.1488509178,0.0089132944,-0.0037788816,-0.0005997192,-0.0425693206,-0.0091461353,-0.0077613927
4.1587190628,0.0018775325,-0.0018435711,-0.0013789308,-0.0471145362,-0.0034453725,-0.0035117865
4.1688537598,0.0018598299,0.0011645934,0.0072275628,-0.0355627201,-0.0008674326,-0.003633759
4.1785521507,0.0079318145,-0.0009816209,0.0125737414,-0.0183531065,-0.0052688392,-0.0048316494
4.1885199547,0.0098327855,0.0021749369,0.0150022134,-0.000181383,-0.0142463548,-0.0064162966
4.1984138489,0.0106191197,0.0064481874,0.0144433007,0.0140952915,-0.0168093797,-0.0020324672
4.2084140778,0.0107805887,0.0040499722,0.0111448988,0.0183645152,-0.0168405399,0.0037455938
4.2182269096,0.0145950476,-0.0006357723,0.0102387294,0.0176334772,-0.0196887907,0.0048255054
4.2282543182,0.0145759443,-0.003293074,0.012162827,0.0183092989,-0.0244862083,0.0030532386
4.2380962372,0.0133112827,-0.0036676668,0.0090832338,0.0218166821,-0.0250542611,0.0067212107
4.2480077744,0.0130797485,-0.0063904966,0.0075997938,0.0170714613,-0.02206726,0.0065104878
4.2580013275,0.0129016498,-0.0119419461,0.0065496196,0.0086537423,-0.0134279653,0.0060183355
4.2678961754,0.0159757901,-0.0163320005,0.0090945587,-0.00394079,-0.0144484891,0.0029031027
4.2778778076,0.0201013852,-0.0177201182,0.0151148662,-0.015718352,-0.0122673595,0.000733159
4.287733078,0.0266191829,-0.0179742426,0.0178867802,-0.0264200885,-0.017655734,-0.0056410171
4.2977352142,0.0251923371,-0.017305091,0.0144762024,-0.0302419905,-0.0178394932,-0.0083033796
4.3075690269,0.0234355498,-0.0137285879,0.0090236291,-0.0264858715,-0.0189220663,-0.0104223564
4.3175802231,0.0188762713,-0.0057192068,0.0043706526,-0.0071398681,-0.0207825508,-0.0105608404
4.327434063,0.013941125,0.002437786,0.0008999336,0.0079600783,-0.0222427621,-0.0101858675
4.3374290466,0.0113815824,0.0013169652,0.0001749027,0.0236527547,-0.0211218372,-0.0095333932
4.3474397659,0.0153670171,-0.0062034498,0.0002567399,0.0261452049,-0.0189281926,-0.0125719942
4.3573899269,0.0214844812,-0.011000975,0.0054523577,0.0205917172,-0.0248851497,-0.0127091464
4.3673219681,0.0222159792,-0.0114753684,0.0045138826,0.0169060789,-0.0310389157,-0.0138791399
4.3768930435,0.0207978953,-0.0136280572,0.0001069534,0.0119004026,-0.0261722561,-0.0137145566
4.3870019913,0.0177594293,-0.0134994304,-0.0034399999,0.0018625932,-0.0240883343,-0.0148522593
4.3969140053,0.0145065347,-0.0103921955,-0.0044666897,-0.0021462631,-0.0237029735,-0.0150016621
4.4068751335,0.01220058,-0.0097420728,-0.0087290779,-0.001464494,-0.0163369365,-0.0137522407
4.4167671204,0.0091219107,-0.0064757015,-0.0100242868,-0.0049945139,-0.0076960437,-0.0154508036
4.4267559052,0.0044622282,0.0016989788,-0.0092531219,0.0013236578,-0.0032365806,-0.0063434588
4.4366922379,0.007060335,0.0010848722,-0.0113422647,0.0145406602,0.0006084912,-0.0052827215
4.4466071129,0.0105405906,2.16818e-05,-0.0101752058,0.0166340824,0.0051052389,-0.003872012
4.4565339088,0.0155089358,-0.0013846004,-0.0071931253,0.0227894466,0.0042042914,-0.0020496112
4.4664592743,0.0216647554,-0.0003689968,-0.008648254,0.0279970802,0.0022969353,-0.0026351735
4.4764852524,0.019959854,0.0008857704,-0.0047607194,0.0326773189,0.0002218003,-0.0069252602
4.486328125,0.0132616321,0.0028413914,-0.0023783813,0.0349258259,-3.54611e-05,-0.0062527116
4.4962439537,0.0072731832,0.000525736,-0.0025219093,0.0290761944,0.0025392831,-0.0018214781
4.5060911179,0.0079086283,-0.0061908136,-0.0024198662,0.0231996626,0.0019315497,-0.0033355183
4.5162730217,0.0105074802,-0.0096025309,-0.0048734914,0.0092289848,0.0043097525,-0.0006806133
4.5259742737,0.0154019753,-0.0118140494,-0.0057766209,-0.0050046337,0.0019667035,-0.0055419477
4.5359039307,0.0169105995,-0.0059467251,-0.0033943425,-0.0111823678,0.0032066712,-0.0028454971
4.5458297729,0.017696904,0.0023561574,-0.0049200426,-0.0008137063,0.0068562673,-0.0021603652
4.5557560921,0.0112320343,0.0045700674,-0.003139056,0.0051448499,0.0122984368,0.0005099862
4.5656819344,0.0085798362,0.0019554503,0.0014891851,0.0066874423,0.0095431311,0.0068040676
4.5755672455,0.0077051679,-0.000221453,0.0059461822,-0.0046222038,0.0120299906,0.0134912655
4.5854821205,0.0088641504,-0.0053536142,0.0071711768,-0.0159643404,0.0121074887,0.0114840074
4.5954179764,0.011320875,-0.0124805411,0.0078765377,-0.0215095747,0.0107309008,0.0122877499
4.6053781509,0.0147384563,-0.0116319945,0.0040101041,-0.0247935187,0.0148385596,0.0053910613
4.6152749062,0.014146463,-0.0044877375,0.0059285988,-0.0155712571,0.0168937221,0.0023673081
4.6252298355,0.0070772031,0.0003759271,0.0097544417,-0.0021080915,0.0194253214,-0.0024146307
4.6351833344,0.0064272443,-0.0022991442,0.0105596408,-0.0009173919,0.0225819666,-0.0049180021
4.645111084,0.0073316554,-0.0084520793,0.0166226849,0.0022810642,0.0156630743,-0.0045940615
4.655049324,0.0117606977,-0.0143179139,0.0147752389,-0.0042055976,0.0088725472,-0.0066154012
4.6651849747,0.0167907048,-0.0129541,0.0138446912,-0.00687222,0.0060701021,-0.0058811344
4.6748952866,0.0187037159,-0.0065327655,0.0099283084,-0.0100546982,0.0022601839,-0.0036739064
4.6847500801,0.0206737686,-0.0020470836,0.0139571652,0.0020764449,-0.0020046025,-0.0028943324
4.6947069168,0.0135997394,-0.0014898473,0.0053857793,0.0022977537,0.0004186079,-0.0063460562
4.7046327591,0.0053392211,-0.0038798295,0.0013658631,-0.0069848718,0.0063830237,0.0028909189
4.7145690918,0.0064226249,-0.0064043622,0.0070942868,-0.0213859156,0.006755067,0.0111360652
4.7244682312,0.012436674,-0.012671127,0.0141394958,-0.030507775,0.0020063845,0.0127047338
4.7346000671,0.010190771,-0.0184090883,0.0091529712,-0.0442819111,0.0048194812,0.0064151464
4.7443761826,0.0092166523,-0.013011991,0.0056098332,-0.0370754823,0.0141077889,0.005671958
4.7542529106,0.0152568975,0.0024386949,0.0039479365,-0.0171523765,0.0129903266,0.0113628674
4.764234066,0.0147192935,0.0060524051,-0.0015814077,-0.0038743,0.0103268987,0.0055414969
4.7741613388,0.0083650509,-0.0037233226,-0.0015865337,0.0049905642,0.0079945019,0.0048461454
4.7842121124,0.011551098,-0.0106101325,0.0103901848,0.0037379912,0.0045068264,0.0054913955
4.7939519882,0.0126552144,-0.0144233098,0.0102750286,-0.0042698677,0.0033459547,0.0012614969
4.8041372299,0.0124875465,-0.0160109475,0.0094471201,-0.0213478319,0.0028910867,0.0018369729
4.8137831688,0.0157623459,-0.0076867263,0.0100091919,-0.0161930174,-0.0007595746,0.0069113597
4.8236932755,0.0166455079,-0.0013107875,0.005287074,-0.00414035,-0.0078110923,0.0072511793
4.8336420059,0.0160010327,-0.0016255969,0.0042396416,-0.0014849119,-0.0085426634,0.0077734254
4.8436260223,0.0162331332,-0.0066074128,0.0019904603,-0.001483669,-0.0088979285,0.0030973139
4.8534879684,0.0114314714,-0.011815249,0.0067730774,0.0031273281,-0.0080310702,0.0004442728
4.863462925,0.0085036913,-0.0107565811,0.0064176549,0.0102436496,-0.0034168765,-0.0015646825
4.8735289574,0.0075639943,-0.0080506867,0.0097061619,0.0164778437,-0.0028131381,-0.0064483872
4.8832492828,0.011413292,-0.005877621,0.0077001681,0.022931926,-0.002783577,-0.0070939371
4.8931827545,0.013245211,-0.0050605531,0.0072043766,0.0287061911,0.0003589531,-0.013550506
4.9031119347,0.0122556547,-0.00714682,0.0068896045,0.0340887941,-0.0054712389,-0.0211809948
4.9130311012,0.0107517997,-0.0084182313,0.008451663,0.0281403586,-0.0044006482,-0.0230635814
4.9231281281,0.0081515172,-0.0085126748,0.0094169602,0.0133595476,-0.0078430502,-0.0194085948
4.932882309,0.0083266953,-0.0123129925,0.0109706745,-0.003373093,-0.0060004094,-0.0160556752
4.9430289268,0.0112414816,-0.0115976846,0.0169674382,-0.0177973062,-0.0117778713,-0.0129231978
4.9527249336,0.0132874111,-0.0078432923,0.0179366693,-0.027220903,-0.0152793946,-0.0150822215
4.9626607895,0.0094842175,-0.0061747278,0.0136091933,-0.0300899241,-0.0193204749,-0.0124287484
4.9722971916,0.014231042,-0.0023785078,0.0160817131,-0.0328058153,-0.0252627861,-0.0060318355
4.9826498032,0.0128573934,0.0010890072,0.0144832358,-0.0411961935,-0.0265288539,0.0022581853
4.9924383163,0.0111268917,-0.0019518727,0.014381431,-0.0452021211,-0.024290733,0.004969283
5.002409935,0.0133887092,-0.0028968893,0.0098574385,-0.0417041481,-0.0266425721,0.005924426
5.0125112534,0.0141609469,0.0019648529,0.0073887338,-0.0313401893,-0.0267195366,0.0033118648
5.0222229958,0.0134579698,0.006371886,0.0063109626,-0.0256839022,-0.0278654937,0.0022210339
5.0322113037,0.0095365504,0.0025608919,0.0032283892,-0.0231541656,-0.0251517333,-0.0014099197
5.0420541763,0.0071750144,-0.004048116,0.0041688313,-0.0221148226,-0.0246292204,0.0027406835
5.0521621704,0.012736694,-0.007082134,0.0083922371,-0.0241089985,-0.0267648101,-0.0027984255
5.0618882179,0.0149541358,-0.0052184085,0.0073712696,-0.0158601217,-0.0264010206,-0.0087687997
5.0719051361,0.0137756327,-0.0041447128,0.0012307394,-0.0100874547,-0.0233319942,-0.0103222216
5.0819587708,0.0128410319,0.0045896624,-0.004642583,0.0064584101,-0.0208432712,-0.0047062803
5.0917472839,0.0110268751,0.0123261074,-0.0066076885,0.0281581134,-0.0181627981,-0.0090528261
5.1015748978,0.009831355,0.0117637301,-0.0067810784,0.041351147,-0.0166290849,-0.0079862634
5.1115489006,0.0060924152,0.0018755874,-0.0050577889,0.0317296758,-0.0151435742,-0.0071202032
5.1215257645,0.0061199823,-0.0102133146,-0.005838431,0.0048982417,-0.0169840828,-0.0007628046
5.1313791275,0.0086553851,-0.0139730563,-0.0037712227,-0.0181876365,-0.0145925656,0.0004340196
5.1413192749,0.0064986805,-0.0074308286,-0.0024013889,-0.0337231867,-0.0080867289,0.0009428165
5.1515030861,0.0075934986,-0.0060785334,-0.0037245522,-0.0383815877,-0.0005145638,0.0040736287
5.1611590385,0.0097471336,-0.0030851804,-0.0037994753,-0.0371188074,0.0028668519,0.0096410336
5.1711249352,0.0101427296,0.0059159701,-0.005861796,-0.0345688313,0.0056365393,0.0139582837
5.181019783,0.0088171521,0.0055939783,-0.0037728918,-0.0183355305,0.0076807821,0.0172639005
5.191010952,0.0128515521,-0.0011571267,-0.0061476598,-0.0060295961,0.0083955741,0.0136710284
5.2008752823,0.0186993647,-0.0050499435,-0.0075321565,0.0044541154,0.0057148365,0.014458226
5.2108068466,0.0179881621,-0.0049298625,-0.0068103443,0.0170263667,0.0074679954,0.0065656817
5.2207269669,0.0171299148,-0.0045615579,-0.0027177108,0.0259608272,0.0119157406,0.0004051244
5.2307190895,0.0179579128,-0.0075564976,0.002204858,0.026775755,0.0125687476,-0.0056541003
5.2405638695,0.0187499393,-0.0092049381,0.003954195,0.0118289404,0.0121461041,-0.0076836944
5.2505369186,0.0180237461,-0.0185062289,0.0031164517,-0.00995332,0.0110771107,-0.0108374106
5.2604207993,0.0169449914,-0.026395537,0.0007145036,-0.0282461289,0.0106432829,-0.0151027292
5.2703518867,0.015638249,-0.0218295231,-0.0010962259,-0.0479841456,0.0104928138,-0.0121423593
5.2803068161,0.014667199,-0.0136441952,-0.0008697283,-0.0412108414,0.0126806004,-0.0133793969
5.290268898,0.0081591168,-0.0017452979,-0.0021498571,-0.0351183265,0.0168196857,-0.012079508
5.3001213074,0.0013094406,0.0083137983,-0.0018892061,-0.0252255723,0.0166282039,-0.0089819189
5.3100481033,-0.0008302171,-0.0013551781,-0.0023713482,-0.0209890157,0.0186500773,-0.0076223756
5.3201408386,0.0049779573,-0.0118344566,0.0013531077,-0.0253024474,0.0112206554,-0.0061526103
5.3298821449,0.0106408456,-0.0113857454,0.0053186645,-0.0219660401,0.0072450885,-0.0038495085
5.3399038315,0.00943108,-0.0049416344,0.0085081086,-0.0132465847,0.0050655575,-0.0063584726
5.3497481346,0.0093051353,-0.0031124197,0.0073216786,-0.0003531566,0.0126872584,-0.0103100706
5.3599891663,0.0106983343,-0.0045956369,0.000645243,0.013401093,0.0090312716,-0.0100133279
5.3696012497,0.0120124975,-0.0032070347,-0.0039030684,0.013084976,0.0100243641,-0.0124333436
5.3795957565,0.0112793604,-0.0046225558,-0.0007165443,0.0110810362,0.0128827346,-0.0151139805
5.3894519806,0.0126016596,-0.0119102513,0.00283172,0.0016744852,0.005651453,-0.0158173218
5.3994469643,0.012431995,-0.009500145,0.0018472899,-0.0085390043,0.0054959245,-0.0134340925
5.4093170166,0.0086346725,-0.0054025347,0.0037001001,-0.0038752765,0.0064181774,-0.0143603394
5.4192900658,0.0067857364,-0.0008926534,0.0035659303,0.0039689755,0.0123192091,-0.0135765718
5.4291219711,0.0030925432,0.0034254945,0.0053529968,0.0060363873,0.0176700335,-0.0066893697
5.4391479492,0.0045697847,-0.0007621342,0.0060436954,-0.0005921316,0.0183592588,-0.0003049411
5.4490041733,0.011005179,-0.0103023117,0.0091725215,-0.0084066447,0.0153429629,0.0065252678
5.4589309692,0.0203953553,-0.0155283799,0.0099264607,-0.0159834269,0.0119026909,6.6487e-06
5.4688401222,0.0228761602,-0.0141293844,0.0068347682,-0.0142318662,0.0075207255,0.0015408959
5.4787812233,0.0197235812,-0.0011175865,0.0056841602,0.0022483959,0.0038729941,0.0038208948
5.488776207,0.017861085,0.0056914617,0.0032640924,0.0244152173,-0.0007981904,0.0024821237
5.4986290932,0.0149559239,0.0018382972,0.0001053441,0.0401939154,-0.0033140788,-0.0017327946
5.5085959435,0.0136511782,-0.0068093459,0.003012382,0.0386809707,-0.0032011608,-0.0070804222
5.5184788704,0.0112394849,-0.0120661398,0.0050034155,0.0275427457,-0.0059849629,-0.0084128017
5.5284771919,0.0107560912,-0.0152194863,0.0075250496,0.0213519614,-0.0061556716,-0.0080751134
5.5383310318,0.009329454,-0.012281335,0.0099627003,0.0047381856,-0.0023734502,-0.0122654643
5.548330307,0.0094394544,-0.0064642872,0.0117926821,0.0097651687,0.0019414034,-0.0139222164
5.5581798553,0.0135741392,-0.0034987323,0.0170972571,0.0208306033,0.0004763984,-0.0196294356
5.5681772232,0.0148941139,-0.0068242173,0.0138620958,0.0133681595,-0.0066222572,-0.0251459088
5.5780010223,0.0089152614,-0.0085135614,0.005779766,-0.0148314331,-0.0015236355,-0.023079263
5.5880079269,0.0040685991,-0.0099317571,0.0024954309,-0.026572777,0.0050501111,-0.0141116008
5.5978412628,0.0064956108,-0.006007723,0.0014074672,-0.0256960653,0.012933068,-0.0137098283
5.6078901291,0.007598714,0.001589582,0.0064591994,-0.01530148,0.0086941142,-0.0162909646
5.6177310944,0.0092845419,0.002683819,0.0111974701,-0.011920331,0.0047915182,-0.0178642608
5.6277279854,0.0060376683,-0.0013868803,0.0129014477,-0.0182469357,-0.000588067,-0.0162173621
5.6375842094,0.0057408372,-0.0054519768,0.01478865,-0.0261042379,-0.0029335129,-0.0151049597
5.6475811005,0.005176858,-0.0031209879,0.015294157,-0.0311740991,-0.0097525371,-0.0104044797
5.6574349403,0.0094923535,0.0009221441,0.0091040954,-0.0195222348,-0.014519861,-0.0046958611
5.6673760414,0.0142266015,0.0052627032,0.0053811301,0.0043016043,-0.0121078361,-0.0020228461
5.6773571968,0.0209637154,0.0114242742,0.012672089,0.0225123875,-0.0238089673,-0.0024982207
5.6873512268,0.0208041836,0.0124269361,0.014763318,0.0287156887,-0.0281208903,-0.0103857052
5.6991429329,0.0125810364,-0.001176163,0.0069810976,0.0211188458,-0.0239027105,-0.0095591936
5.708917141,0.0038076499,-0.0072399969,0.0049395193,0.0123013854,-0.0178858303,-0.0087650381
5.7176470757,0.0049887756,-0.0012359315,0.0028817882,0.0118790967,-0.0146375736,-0.0068169357
5.7275681496,0.0052730003,0.002913431,5.74816e-05,0.009414874,-0.0137206474,-0.0052390127
5.7372670174,0.0025697509,0.0013593739,0.0029088487,0.0028471637,-0.0142476866,-0.0048227934
5.747150898,0.0070552388,-0.0051656584,0.0068163504,-0.0176607743,-0.0159731489,-0.0022877308
5.756524086,0.0127549628,-0.0041063945,0.0093549713,-0.0244202316,-0.0144301131,0.003675353
5.7666330338,0.0146327177,0.0022613264,0.0089931712,-0.0232636221,-0.0140532758,0.0041906745
5.776389122,0.0138363102,0.0124430591,0.0081877932,-0.0147610363,-0.0204802826,0.0056497538
5.7863807678,0.0086894492,0.0092685977,0.0047052135,-0.0141493082,-0.0196184833,0.0122690406
5.7962360382,0.0073681632,0.0024121113,-0.0009966266,-0.0020625517,-0.0176794343,0.014281759
5.8062000275,0.0099683264,0.0014579972,-0.0009650957,-0.0024833311,-0.0171654448,0.0189071372
5.8158903122,0.013522164,0.0101627568,0.0070911278,0.0255992599,-0.0188245941,0.0192250852
5.826048851,0.0175411869,0.0162428841,0.0140140876,0.0488166995,-0.0290548615,0.009623589
5.8361787796,0.0160659719,-0.0017398515,0.004377984,0.0436435044,-0.0309688747,-0.0003570393
5.8460221291,0.0148542682,-0.0228626207,-0.0061685215,-0.0003172932,-0.0225186646,0.001959112
5.8561692238,0.0199405421,-0.0173412487,-0.0125356689,-0.0290147159,-0.0193875879,0.0143892169
5.8659210205,0.0218884218,-0.0069853435,-0.0169157162,-0.0351482406,-0.0198893268,0.0130448528
5.8758301735,0.0163062382,-0.0063722352,-0.0138530508,-0.0238456987,-0.0165696964,0.0066094906
5.8857560158,0.0106312195,-0.0003238314,-0.0083083287,-0.0085082892,-0.010042822,0.0041308869
5.8958158493,0.0015181761,0.0154201249,-0.0034042965,0.0068707559,0.0028812329,0.0076286495
5.9056148529,-0.004858925,0.0187093318,-0.0014130246,0.0295819268,0.0097005228,0.0117474943
5.9155440331,-0.003808721,0.0151432613,0.0023067822,0.0496793836,0.0138353473,0.0091968849
5.9254331589,-0.0008008917,0.001486071,0.0027450551,0.0387162156,0.0121389134,0.0043067886
5.9354152679,0.0047035972,-0.0249217898,-0.0021292339,-0.0135872038,0.0122736692,0.0033905944
5.9452648163,0.0127730826,-0.0339200497,-9.14704e-05,-0.0623781793,0.0127224121,0.0124408146
5.9552168846,0.0208120514,-0.0226200372,-0.0011542808,-0.0903681815,0.0078168698,0.0168348979
5.9651403427,0.015562431,-0.0069177593,-0.0006138455,-0.0774374679,0.0032870988,0.0170729831
5.9752550125,0.009811596,0.0090764472,0.0027041067,-0.0497255884,-0.0037553646,0.0192110371
5.9850940704,0.0079592029,0.0200624242,0.0032608735,-0.0164374076,-0.0097818309,0.0292554144
5.994946003,0.0063236514,0.0181485713,0.0050781001,0.0141748302,-0.006150079,0.0248063039
6.0048427582,0.0032891491,0.0089799995,0.0088412389,0.0410027169,-0.0053061233,0.0221239682
6.01476717,0.0039347867,5.76532e-05,0.0118047222,0.0633492991,-0.0042102323,0.0167080313
6.0247020721,0.0082808295,-0.0100706061,0.0107715353,0.0599870607,-0.0085559785,0.0082002971
6.0346269608,0.007606403,-0.0181212947,0.0074447026,0.0340768099,-0.0054808264,0.005393791
6.0447411537,0.0068244794,-0.020854719,0.0062794317,0.0068148295,-0.0003441215,0.0076340423
6.0544829369,0.0134555856,-0.0184983686,0.0036977758,-0.0062090936,-0.0010996603,0.0035125341
6.0644130707,0.0172433723,-0.0140732443,0.0083531961,-0.0091052819,-0.0078201471,0.0008815972
6.0743842125,0.0130446712,-0.006072029,0.0101248249,-0.0077194599,-0.010457742,0.0005383489
6.0842518806,0.0061821202,-0.0038492077,0.0122424588,-0.0061298199,-0.0123142311,0.0051927557
6.0942339897,0.0049502412,-0.0060681025,0.0095079765,-0.0029174257,-0.0139057366,0.0112900957
6.1041402817,0.0054100612,-0.0130244484,0.0091496333,-0.0045046704,-0.0135882879,0.0057547158
6.1142420769,0.0119706849,-0.0199228227,0.0016994703,-0.0209441856,-0.0170266945,0.0034403622
6.1239309311,0.0100718001,-0.0217223018,-0.0016859543,-0.0363140889,-0.0079551693,-0.0002209516
6.1339101791,0.0093165794,-0.0147273755,0.0008452166,-0.0259546563,-0.0069136075,0.0027409829
6.1437749863,0.0110559026,-0.0006414124,0.0020213355,-0.003025373,-0.0061130612,0.0017300469
6.1537489891,0.0092442492,0.0078614363,0.0032308327,0.0210873317,-0.0087754233,-0.000159133
6.1636962891,0.0084792534,0.0016323781,0.0059395065,0.0314355753,-0.0068156025,-0.0006712589
6.1736140251,0.0101883272,-0.0078778183,0.0073076119,0.028849557,-0.0091384118,0.0005320907
6.1836791039,0.0091077844,-0.0120743355,0.00896772,0.0176336542,-0.0135984076,0.0005446074
6.1934738159,0.0073810974,-0.0135778924,0.0081948861,0.0184024218,-0.0148556866,-0.0023717536
6.2035522461,0.0089580873,-0.0129884249,0.006349646,0.0116193499,-0.0169694368,-0.0033027949
6.2132892609,0.0112809995,-0.0085600605,0.0029966463,0.0030587961,-0.0220859013,-0.0034418786
6.2230062485,0.0148145715,-0.0083968854,-0.0011983883,-0.0087528564,-0.0180171244,-0.00482619
6.2329797745,0.0142570594,-0.0132600358,-0.0029228698,-0.0142701259,-0.017541483,-0.0093133496
6.2430691719,0.0126927057,-0.0108761331,-0.0002444159,-0.0047200313,-0.0127866762,-0.0134313628
6.2531991005,0.0075252214,-0.0028029375,-0.0053708921,0.0106153376,-0.0120322024,-0.0140024433
6.2628979683,0.00157638,0.0038265816,-0.0065707932,0.0234432518,-0.0074004326,-0.0151199056
6.2727980614,-0.0011775334,-0.001177668,-0.0108421221,0.0319778845,0.0035052116,-0.0151311578
6.2827811241,-0.0002558966,-0.0065547298,-0.0061636935,0.0255735144,0.0092083709,-0.0204867758
6.2926521301,0.0021441439,-0.012415125,-0.0035573016,0.0196021758,0.0101508638,-0.0180638637
6.3026099205,0.0073307315,-0.0138357347,-0.0041919122,0.0009459332,0.0108123925,-0.0153945778
6.3125019073,0.0082752565,-0.0145746088,-0.0007627975,-0.0173208676,0.0067374902,-0.017182257
6.3226299286,0.0045501748,-0.0158466026,-0.0008763444,-0.037579,0.005834945,-0.0139252124
6.3323631287,0.0049699107,-0.016966708,-0.003148831,-0.0514161661,0.0062639797,-0.0106547503
6.3422942162,0.0088602165,-0.0141592016,-0.0047023664,-0.055745665,0.0038492919,-0.0092869513
6.3522043228,0.0085669616,-0.0083735129,-0.0028297077,-0.0517372489,0.0025251682,-0.0070895767
6.3621611595,0.0074577788,0.0014106935,-0.0048579345,-0.0347052738,0.0100129116,-0.0051598502
6.3720531464,0.0055827359,0.0081110159,-0.0035261284,-0.0073177675,0.0143370871,-0.0107955988
6.3819761276,0.003303335,0.0055406396,-0.0005732548,0.0147148306,0.0123173455,-0.0151080545
6.3919520378,0.0048300782,0.0011226392,0.0002973903,0.0251953453,0.0074940943,-0.015265082
6.4018979073,0.0061343173,-0.0035701685,0.001030289,0.0229846556,0.0135208275,-0.0179950893
6.4117941856,0.0066800276,-0.0076827477,0.0052187075,0.0144925453,0.0054546455,-0.0219871346
6.4216918945,0.0047408501,-0.0132819256,0.0098579749,-0.0009745616,0.0038285195,-0.0230787639
6.4314961433,0.0037610093,-0.0174517483,0.0087181553,-0.015914984,0.0042740661,-0.0229058247
6.4414539337,0.0080039958,-0.0129268905,0.003805541,-0.020715598,0.0047225426,-0.0173576605
6.4513459206,0.0111366371,0.0002625293,-0.0002622377,-0.0036909855,0.0065819616,-0.0112193068
6.4614500999,0.0101678232,0.0064317142,-0.0046767364,0.0234940294,0.0077817156,-0.0130406432
6.4713292122,0.0093504945,0.0074479138,-0.0029316912,0.0316365547,0.009836344,-0.0139278425
6.4812469482,0.0098490277,-0.0008074709,0.0006520975,0.026209034,0.0098368768,-0.0128846811
6.4912042618,0.0109010497,-0.0113870269,0.0014620054,0.0158911496,0.010969785,-0.0166756921
6.5010900497,0.0094823996,-0.012577421,0.0037783016,0.0058491672,0.0097343447,-0.022729056
6.5110912323,0.0048065046,-0.0072236801,0.0025215375,0.001237283,0.0147405555,-0.0223682318
6.5209503174,0.0040131668,-0.0027528547,0.0016109574,-0.0033569359,0.014126963,-0.0174823962
6.5309019089,0.0052937726,0.0007349259,0.0075239171,-0.0067292973,0.0147565342,-0.0148631111
6.540792942,0.0073076049,-0.0063748504,0.0090434775,-0.0136697609,0.0121812578,-0.0175177511
6.550784111,0.0085159102,-0.0127023226,0.0047154059,-0.0294013191,0.0105396854,-0.0145902364
6.5606641769,0.0101251164,-0.0085955253,0.0041771759,-0.0427576043,0.0110499468,-0.0131966053
6.5705809593,0.0126541713,-0.0030113973,0.0032730924,-0.0298614241,0.0147368275,-0.0137609951
6.5805029869,0.0120557109,-0.0014415378,-2.08985e-05,-0.0139801968,0.0153421639,-0.0147149395
6.5904760361,0.0106613496,0.0015695399,-0.0007333528,0.0034969752,0.0184799004,-0.0157556683
6.6005630493,0.008799688,0.002131433,-0.0010322701,0.0136007415,0.0171437915,-0.0180774145
6.6103081703,0.0058958391,-0.0001818233,0.0007997978,0.0110751772,0.0188623294,-0.017457163
6.6201868057,0.0026750127,-0.0052880566,0.0032129516,0.0068095922,0.0153248524,-0.0177301373
6.6301960945,0.0017261069,-0.0130873239,0.0042584171,-0.0098165218,0.0127852624,-0.0156216789
6.6400470734,0.0061206082,-0.0160231292,0.0041380753,-0.0406319574,0.017335806,-0.0103155971
6.6500053406,0.0086102942,-0.0149100116,0.0051356782,-0.0560880601,0.0155669348,-0.0031316865
6.6598348618,0.01217042,-0.0094104474,0.0044296016,-0.0545072071,0.0185052007,-0.0044358363
6.669880867,0.0159427095,-0.001123547,0.0079596862,-0.0439285971,0.0176825505,-0.0050850823
6.6797208786,0.0114459256,0.002897986,0.009080492,-0.0239690039,0.0103836246,-0.0085551813
6.6896910667,0.0077125886,0.0033368922,0.0094016418,-0.0061000809,0.0114781829,-0.0050118119
6.699821949,0.0053362707,0.0089692036,0.0076975455,0.0152094681,0.0099527249,-0.0028376072
6.7095432281,0.0086056152,0.0041452502,0.0070764055,0.0307427105,0.0090475166,-0.0069133751
6.7194538116,0.0112997452,-0.0042818855,0.0095174536,0.0315395296,0.0068208473,-0.0117518064
6.7294559479,0.0132611254,-0.009088113,0.0136072263,0.025604941,0.0039587477,-0.019308826
6.7396392822,0.0113636712,-0.014637596,0.0142106637,0.0053870208,0.0019086464,-0.0236777402
6.7493000031,0.0104980031,-0.0121112904,0.0191685185,-0.0008975072,-0.0026469568,-0.0234671198
6.7591528893,0.0069960216,-0.0059049795,0.0130526051,0.004494329,-0.0002373287,-0.0170379803
6.7691478729,0.0036117593,0.0009885138,0.009473525,0.0062442031,-0.0007028492,-0.0167648084
6.7793221474,0.0043488601,0.0012381604,0.0096439347,0.006389345,-0.0046858732,-0.0147996601
6.7889442444,0.0083439806,-0.0026555501,0.0084156021,-0.0049203006,-0.0029273876,-0.011294242
6.798956871,0.010941253,-0.0087623438,0.0100909695,-0.0166059844,-0.0063527455,-0.0105067454
6.808825016,0.0114452997,-0.0072609182,0.0073797335,-0.0256116427,-0.0110295219,-0.013058586
6.8187460899,0.0123900333,-0.0039577927,0.0046202173,-0.0360293947,-0.0121706864,-0.0089386757
6.8286237717,0.0115722576,-0.0001138517,0.004575931,-0.029016491,-0.0067458283,-0.0105116721
6.8385391235,0.0060400823,0.0021194897,0.0020303358,-0.0178168342,-0.0069666044,-0.0101343021
6.8485121727,0.0023045102,0.0100837285,0.0037139284,0.000501629,-0.0047007864,-0.0105312131
6.8583641052,0.0023407498,0.0120279426,0.0053249826,0.0153559418,-0.0077775363,-0.0082206549
6.8684062958,0.0028206268,0.007315584,0.0088083968,0.0144050159,-0.0058169174,-0.0084617045
6.8784618378,0.0044909576,-0.004455715,0.0113284215,0.0016058646,-0.0062598013,-0.0082843378
6.888253212,0.0108036855,-0.0122957444,0.005055212,-0.0157918576,-0.0091589186,-0.0091384798
6.898088932,0.0152327279,-0.0116278222,0.0021143188,-0.0268604886,-0.013041541,-0.0096047986
6.9080753326,0.0169114936,-0.0025639602,-0.0017229688,-0.025524646,-0.0192935783,-0.0058187163
6.9179267883,0.0140407542,0.0073901867,-0.0053877602,-0.0147284558,-0.016886346,-0.0035483716
6.9278707504,0.0103810886,0.0091772089,-0.0060746442,-0.0019617062,-0.0164653007,-0.0035193432
6.9379119873,0.0078707198,0.0067782779,-0.0014100444,0.0025749886,-0.0188408401,-0.0025448925
6.947889328,0.0058548013,-0.000514611,-0.0018286478,0.0041931253,-0.0141259804,-0.0083505502
6.9577407837,0.0009066324,-0.0060155238,-0.0059600244,0.0040067043,-0.0036890518,-0.0085217915
6.9674248695,0.003076301,-0.0030144148,-0.0054309736,0.0130199064,-0.0003084351,-0.0064562438
6.977555275,0.0041493634,0.0037975765,-0.0050450931,0.0163355414,0.0001075507,-0.0060365302
6.9875221252,0.0065237144,0.0041507338,-0.0045614014,0.0243908055,0.0039765909,-0.0081815729
6.9974370003,0.0061523477,-0.0019883954,-0.0004660856,0.0235971827,0.0025616535,-0.0105216922
7.0074682236,0.0074657956,-0.0068848724,-0.0019384396,0.0164761581,-0.0021982142,-0.0111854188
7.017496109,0.007200704,-0.0016001606,-0.0072659622,0.0130246999,0.0027984085,8.9125e-06
7.027135849,0.0064559439,0.0027724809,-0.0110981837,0.0037958701,0.0039837817,0.0085512344
7.037112236,0.0105534652,-0.0022256069,-0.0099569932,-0.001774664,0.0051529096,0.0094532473
7.0469751358,0.0156807471,-0.00802607,-0.0033499969,-0.0103686843,0.0040024235,0.0078069479
7.0569310188,0.0175670255,-0.0078670522,0.0034824838,-0.0160726421,0.0018737591,0.0010561009
7.0668449402,0.014421002,-0.0058489959,-0.000149883,-0.0090543255,0.004807231,-0.0034832908
7.0768380165,0.0084278146,-0.002122625,-0.0036382447,0.0055453894,0.0091511123,-0.0032185721
7.0868959427,0.0068681696,0.0043390249,-0.0035807265,0.0119236605,0.0113756517,-0.0028138719
7.0966873169,0.0074775079,0.00112477,-0.0048205624,0.0215198286,0.0145298997,-0.0042205532
7.1066207886,0.0099273184,-0.0073680128,-0.0025741826,0.0123612173,0.0160542931,-0.0066292826
7.1164851189,0.0096611241,-0.0099354824,0.0044929017,0.0032998123,0.0207132269,-0.0036691793
7.1264610291,0.0069788555,-0.0080848848,0.0089462623,-0.00198026,0.0191603377,-0.0044972552
7.1363949776,0.0051055411,-0.0056751366,0.0132571682,-0.0064969808,0.0160132796,-0.0060283067
7.1463117599,0.0064869979,-0.006709456,0.0125118718,-0.0133998934,0.0097244922,-0.0032463023
7.1562480927,0.0141825536,-0.0100969365,0.0097185001,-0.0256520323,0.0059499936,0.0009500405
7.1661639214,0.0196821559,-0.011266767,0.0077448119,-0.0313116051,0.0017014525,-0.0020178196
7.1760892868,0.0174053479,-0.0044419165,0.0060120453,-0.022566583,-0.0013726342,-0.0030473976
7.186024189,0.0101807276,0.0051457663,0.0058362712,9.37213e-05,0.0013581711,-0.0102793779
7.1958789825,0.0021155933,0.0081426958,0.0057785143,0.0108241299,0.0005070248,-0.0096466104
7.20581007,-0.0038986942,0.0014331943,0.0088473782,0.008022218,-0.000176076,-0.0091008954
7.2157359123,-0.0037968596,-0.0100002354,0.0079107508,-0.00519505,0.0018655033,-0.008590634
7.2256813049,0.0002554814,-0.0091688326,0.0074141254,-0.0179798212,0.0019864109,-0.0038243083
7.2356090546,0.0060295025,-0.0042163278,0.0090286955,-0.0246491749,0.0025320924,-0.0072960053
7.2455329895,0.0076568881,-0.0054192911,0.0066207279,-0.0286092963,0.000364812,-0.0104775168
7.2554421425,0.0051368633,-0.0046390886,0.010328196,-0.0366419218,-0.0014277617,-0.0044664964
7.2653851509,0.0044766823,-0.0035808005,0.0086965784,-0.0443918109,-0.0022858323,0.0029925848
7.2752809525,0.0088410238,-0.0023057603,0.0072772135,-0.0440061837,-0.0069090798,0.0065628188
7.2852392197,0.0137091735,-0.0034540512,0.0051579108,-0.0367119648,-0.0117690824,0.0037690962
7.2951641083,0.015051649,-0.0037572824,0.0028831591,-0.0217426009,-0.0102148615,0.0035922623
7.3050718307,0.0113211134,0.0010351172,0.0055896868,-0.0051021059,-0.01232302,0.0017590421
7.314994812,0.0087030986,0.0062325452,0.0035895337,0.0201401338,-0.0116351256,0.0018882054
7.3249630928,0.0082854191,0.006732591,0.0014212955,0.046964556,-0.008693397,0.002536918
7.3348941803,0.0115528265,0.0036113493,-0.0010909211,0.0639957339,-0.0088404045,-0.0029545201
7.3448290825,0.013155506,-0.0028574609,-0.0023976336,0.0616440773,-0.0083858026,-0.0095433127
7.3549098969,0.0104540745,-0.0130539602,-0.0038136614,0.0429353714,-0.0013851512,-0.0087630078
7.3646149635,0.0079099396,-0.0185241029,0.0004553426,0.0162442848,-0.0036046295,-0.0088976631
7.3745508194,0.0064135948,-0.016087614,0.002910756,-0.0080370866,-0.0034099526,-0.0084968582
7.384458065,0.0026669065,-0.0131219318,0.0024193157,-0.0227018707,-0.0022751796,-0.0086109405
7.3944029808,0.0022116164,-0.0099874204,-0.0012887489,-0.0305283703,0.0045528989,-0.0019812677
7.4043779373,0.0041113058,-0.0062030475,-0.0028391255,-0.0326928087,0.0013728185,-0.0006621373
7.4142179489,0.0073349336,-0.001175932,-0.0046159993,-0.0243339464,0.0034591388,0.001392225
7.4242091179,0.0015697341,0.0003210909,-0.0035193334,-0.0053667356,0.0082182083,0.0036303455
7.4341402054,0.0039662281,0.0023456446,0.0002067316,0.0081986077,0.0095103737,0.0018984919
7.4439949989,0.0046003917,0.0040505608,0.0051638116,0.0136593319,0.0093788132,0.0017886364
7.4539380074,0.0084185163,-0.0006746792,0.0076690544,0.0184801854,0.005446123,0.0036286144
7.4636182785,0.0124379555,-0.0039008774,0.006757461,0.0190077573,-0.0008210936,0.0028100251
7.4737739563,0.0133544365,-0.00363402,0.0023153054,0.0196024422,0.0013347353,0.0011503433
7.4837632179,0.0100207487,-0.0067107598,-0.0067428718,0.0089031924,0.0038498247,-1.2293e-05
7.4938249588,0.010766224,-0.0058665271,-0.0025065313,0.0011283597,0.0044018975,0.0001536219
7.5037970543,0.0070056478,-0.0025546171,0.0022720327,-0.0009220084,0.0030114616,-0.0009010897
7.5134940147,0.0040114084,-0.0011572608,0.0043751826,-0.0034986166,-0.0012557214,-0.0008843115
7.5234308243,0.0007818203,-0.0017221639,0.0068098535,-8.5332e-05,0.0048799352,0.0007187116
7.5333452225,0.0013075928,-0.0048549618,0.0066706766,-0.0056569311,0.0022039912,-0.001671209
7.5434627533,0.005328075,-0.0092001697,0.0037324058,-0.0179489292,0.0034751177,-0.0067419345
7.5531759262,0.0080869058,-0.0124853542,0.0032400715,-0.0276079476,0.004992587,-0.0078591304
7.5633721352,0.0079429904,-0.0095855584,0.0006301034,-0.0298169497,0.0048210793,-0.0084400326
7.5730271339,0.0061012963,-0.0012358421,-0.0003864538,-0.0225739516,0.0079044867,-0.0078842305
7.5830221176,0.0063145319,0.0064731841,0.0001023639,-0.0111994138,0.0069723809,-0.0014443747
7.5928869247,0.0054611722,0.0059749936,0.005887412,-0.0023966003,0.0013864005,0.0037008526
7.6027789116,0.0075892368,-0.0010630483,0.0120536909,-0.00107656,-0.0031082164,0.0066703102
7.6127338409,0.0125187198,-0.0035707646,0.0090668425,0.0013799395,-0.0004543763,0.0057347417
7.6227211952,0.0107262889,-0.0051813121,0.0075230231,0.0090787821,-0.003206487,0.0012231143
7.6325469017,0.0090980092,0.0001418373,0.0027220475,0.017993981,0.0011139592,-0.0027135706
7.6425743103,0.0033137957,0.0045969789,0.0006780851,0.0272852182,0.0025643168,-0.0020049699
7.6524381638,0.0024992088,0.0013575113,0.00753554,0.029097233,0.0047574299,-0.0037147193
7.6624240875,0.002884672,-0.0083580753,0.0078219399,0.022245273,0.0024612525,-0.0054310937
7.6722559929,0.0076300064,-0.0115511632,0.0095717534,0.0049720113,0.0014005153,-0.0050486638
7.6822547913,0.0102433125,-0.0114517575,0.0108861551,-0.0063358597,-0.0053410102,-0.0037355251
7.692150116,0.0117460648,-0.0112440651,0.0084640607,-0.0169932973,-0.0073951064,-0.0015661139
7.7020869255,0.0133253792,-0.0103820032,0.0047695269,-0.0333822146,-0.0046435287,-0.0024117343
7.7120079994,0.0127764503,-0.007387876,0.0077998866,-0.035721533,-0.0076164152,0.0016437272
7.7219481468,0.0117308656,-0.0036088743,0.0056815972,-0.0356837139,-0.005904003,0.0019962632
7.731842041,0.0105704824,-0.0009197288,0.0016997088,-0.0299677756,-0.0062081357,0.0032394268
7.7418107986,0.0114644626,-0.0011137718,-0.0021838914,-0.0198501591,-0.0072883139,0.0007042971
7.7516908646,0.0077397982,-0.0015298644,-0.0029058228,-0.0066765663,-0.0049362099,0.0002422386
7.7616710663,0.0050722519,0.0011437839,-0.0008935105,0.0043048896,-0.0065378351,-0.0051775607
7.7715401649,0.0033179084,0.0027464486,0.0041299094,0.0155839091,0.0006191439,-0.0066827792
7.781537056,0.0009783368,0.0018455392,0.0065734019,0.0272315107,0.000571207,-0.0084273834
7.7913942337,0.0026736418,0.0010808265,0.0112878308,0.0275955647,-0.0005891323,-0.0097331312
7.8013911247,0.006346182,-0.0031285577,0.0097847208,0.0141622247,-0.002262929,-0.0062105674
7.8113160133,0.0078616301,-0.0083600273,0.0060815443,-0.0044138562,-0.0076510361,-0.0031010602
7.8212370872,0.0097682038,-0.0141327223,0.0032765497,-0.0209716167,-0.0117256735,-0.0017722761
7.8311061859,0.0141931036,-0.0118117472,-0.0003006827,-0.0298247635,-0.0116156843,-0.0007344424
7.8410801888,0.0132004479,-0.0061913054,-0.0026610862,-0.034880776,-0.0137392888,0.0015096038
7.8512239456,0.0129849175,-0.0016044819,5.12231e-05,-0.0261013955,-0.0180094019,0.0013452868
7.8609042168,0.0118403891,0.0035991974,0.003636979,-0.0095154084,-0.019663224,-5.7681e-06
7.8708062172,0.0082940022,0.0108328247,0.0039564003,0.0100348573,-0.0182235185,-0.0016334923
7.8807411194,0.0070248703,0.008562685,0.0027117957,0.0228190068,-0.0155086936,-0.006343958
7.8906469345,0.0064073661,0.0016203827,-0.0018696558,0.029826317,-0.013298003,-0.0050882781
7.9006419182,0.0056007067,-0.0062196623,-0.0081242099,0.026603803,-0.0047585773,-0.0070802225
7.9104957581,0.0049185911,-0.004000097,-0.0103617087,0.0299993325,-0.0012264267,-0.0063023129
7.9204950333,0.0038084844,0.0018632865,-0.0071772109,0.0272461586,0.0053169602,-0.0036751712
7.9303479195,0.0011955957,0.003702753,-0.0031362544,0.0245315991,0.0072770468,-0.004383306
7.9403300285,-0.0017677088,-0.0017425412,0.0021909704,0.0154495966,0.0023057237,-0.0033446727
7.9501991272,-0.0016510625,-0.0076329703,0.0033221473,-0.005530254,0.0082514966,0.0039550513
7.9601941109,9.98835e-05,-0.0075244154,0.0076887836,-0.022658553,0.005294323,0.0095668305
7.9700899124,0.0058148364,-0.0038411312,0.0041858782,-0.0251107886,0.0011352645,0.013157038
7.9799990654,0.0089677135,1.20706e-05,0.0022248852,-0.018372016,-0.007275797,0.0093589053
7.9900341034,0.0104673067,0.003547848,-0.001848675,-0.0056482321,-0.0088571822,0.008485388
7.9999070168,0.0136727551,0.00208778,-0.0006492507,0.0125993937,-0.0074041616,0.0074213888
8.0097532272,0.0188540686,-0.0005337739,0.0026490318,0.0259460919,-0.0173529312,0.002921978
8.0197553635,0.0167835224,-0.0052881683,-0.0018755567,0.0388346352,-0.0188072845,-0.0047837454
8.029586792,0.0081621865,-0.0071572061,-0.0072278748,0.0295071807,-0.0066435626,-0.0047408682
8.039598465,0.0043775002,-0.0029913031,-0.0133911744,0.0210925695,0.0015637672,-0.0008071798
8.0494537354,0.0046093026,-0.0040846164,-0.0109721199,0.018817164,0.0087979781,-0.0005901323
8.0594520569,0.0026886025,-0.0071952934,-0.0100006834,0.0135564441,0.0111322384,-0.0045950273
8.0693054199,-0.0007747252,-0.011156722,-0.0077243815,-0.0075501725,0.0178750958,0.0016141328
8.0792999268,0.0023817876,-0.0112854308,-0.0031422148,-0.0238954127,0.0210599713,0.0072256131
8.0891561508,0.008251504,-0.0134576848,0.0021453728,-0.0266206264,0.0221886188,0.0099399071
8.0990810394,0.0142918983,-0.0122567853,0.0030563106,-0.0250567291,0.0166606959,0.0017092742
8.1090049744,0.017473476,-0.0047145928,0.0009022582,-0.0051543931,0.0175584462,0.0015092709
8.1189022064,0.0134450058,0.004463159,-0.0060408483,0.0162599087,0.01671529,0.0015984867
8.1288919449,0.0098505775,0.0117694521,-0.0045911442,0.035033863,0.0160700046,0.0028597598
8.1388044357,0.0046491781,0.0028982169,-0.0004914772,0.0399835259,0.0142334905,-0.0047696307
8.1487178802,0.0013649623,-0.0075518931,0.0068427552,0.0366279446,0.0152620031,-0.0087489262
8.1587057114,-0.0022193631,-0.0120482435,0.0070151915,0.0328180231,0.0110451533,-0.0106698973
8.1685562134,-0.0030601462,-0.0083353659,0.0099853501,0.0211856011,0.0115410341,-0.0109085171
8.1785612106,-0.001357003,-0.0114520332,0.0086482391,0.004615414,0.0130201532,-0.0135732424
8.188621521,-0.0019485195,-0.0164345801,0.0072692861,-0.0201221574,0.0155229922,-0.0055981404
8.1984148026,0.002892659,-0.0109295761,0.0094820485,-0.0245066974,0.0168505777,-0.0005593395
8.2082090378,0.0112680653,-0.0055837329,0.0085611567,-0.0215375386,0.0123796631,-0.0020477802
8.2182197571,0.0109784165,-0.0008952239,0.0064157476,-0.0164605752,0.0072464203,-0.0026304468
8.2281179428,0.0091736773,-0.0002534756,0.0037688841,-0.0130410772,0.0049427859,0.0016553785
8.2380094528,0.0068203369,0.000601717,0.0013904799,-0.0067040864,0.0052631642,0.0028465106
8.2479658127,0.007016615,-0.0014918068,-0.0044268142,-0.0006073113,0.0055119037,6.61705e-05
8.2580623627,0.0031771222,-0.0091782054,0.0015711415,-0.006420637,0.0051475829,-0.0025605718
8.2678127289,0.0014013509,-0.0097967973,0.0077235927,-0.016270604,0.0041528922,-0.0016817288
8.2778091431,0.0031255344,-0.0104451766,0.0139025077,-0.0245187692,0.0029227783,-0.0028771551
8.2876577377,0.0052061835,-0.0098102158,0.0152056441,-0.0266905762,0.0007546988,-0.0065331422
8.2976140976,0.0100439647,-0.0071259211,0.0097902045,-0.0250945464,-0.0021066016,-0.0012332855
8.30727005,0.0143065909,-0.0044062878,0.0055819978,-0.0155311339,-0.0035436433,-0.0065140678
8.3175067902,0.0156522263,-0.0016741672,0.001079284,-0.0079581691,-0.0023750481,-0.0113322921
8.3275651932,0.0127334455,-0.0004571893,0.0024468531,0.0012350632,-0.0006349387,-0.0101594357
8.3373632431,0.008445696,0.0037638329,0.0019691815,0.0153731639,-0.0037162162,-0.0077036018
8.3474369049,0.0053503374,0.0048628082,0.0027536976,0.0269552507,-0.0025137989,-0.0068130405
8.3571434021,0.0057781497,0.0025432117,0.0037587513,0.0306406226,-0.0048416681,-0.003557526
8.3670864105,0.0089028934,-0.0039131637,-0.0012826096,0.0228002761,-0.0071676727,-0.0043641976
8.3770017624,0.012578086,-0.0090374937,-0.0006207597,0.004899662,-0.004717032,-0.0056517031
8.3871097565,0.0124995569,-0.0118380105,0.0046490659,-0.0038410989,-0.0040302025,-0.0061662262
8.3970565796,0.0074840644,-0.0048880051,0.0050992002,-0.0043970789,-0.0019124572,-0.0059270407
8.4067983627,0.0047455588,0.0028578795,0.0059496989,-0.0012508202,0.001823958,-0.0033299257
8.4166946411,0.0006968837,0.0073516225,0.0091566071,0.0058500553,0.0024095869,-0.0039268737
8.4266881943,-0.0007858415,0.0041621705,0.0103100762,0.0099840797,-0.0022908922,-0.0023034103
8.4366121292,0.0026165405,-0.0043688784,0.0060140719,0.0005856077,0.0027515371,-0.0011438699
8.4465360641,0.0055971304,-0.0056069638,0.0068783988,-0.0146119874,-0.0002823361,-0.0011438699
8.4564628601,0.0122311274,-0.0057624276,0.0101155266,-0.0173310749,-0.0055889511,-0.0042587696
8.4665937424,0.0150343934,-0.004351988,0.0122142658,-0.018912727,-0.0043865335,-0.0108445007
8.4762849808,0.0116541842,-0.0009236702,0.0118583664,-0.0216216929,-0.0061085336,-0.0067659365
8.4861898422,0.0096418122,0.0026424981,0.0132221207,-0.0227532722,-0.0082523786,-0.0053533958
8.4961299896,0.0067354003,0.000788734,0.0113693699,-0.0195999108,-0.0121469852,-0.0020930206
8.5060577393,0.0071297446,-0.0027245574,0.0042665233,-0.0252628569,-0.0140546076,-0.0006493211
8.5159835815,0.0080471197,-0.0021999322,0.0005988706,-0.0253573991,-0.0187375098,0.0030385247
8.5259075165,0.006174312,-0.0011347154,0.0001884926,-0.0266905762,-0.0195801351,0.0048731761
8.5358352661,0.0057931403,0.0022346533,0.0018576015,-0.0188338086,-0.0139566027,0.0077318465
8.545759201,0.0071962038,0.0048269187,0.0045332541,-0.0167498849,-0.0140000116,0.003147481
8.5556840897,0.0041535357,0.0091615925,0.0093365535,-0.0012088306,-0.0095709087,0.0047914837
8.565618515,0.0013766746,0.0085668648,0.0059986939,0.0074903853,-0.0066230563,0.0096959611
8.5755329132,2.22783e-05,0.005438969,0.0051550497,0.0052768541,-0.0085469242,0.0121981008
8.5853939056,0.0024935463,-0.0026384734,0.0035198557,-0.0017373795,-0.013149133,0.0115147335
8.5953941345,0.0107814828,-0.0093972152,0.0027625789,-0.0201559775,-0.0143749854,0.0093189236
8.6052799225,0.0152023593,-0.0147737851,0.0027413596,-0.0408793651,-0.0154924486,0.0076097073
8.6152868271,0.0156823266,-0.0099824583,0.0062458743,-0.0494011268,-0.0165159013,0.0140404431
8.6251621246,0.0138983587,-0.0008634769,0.0003885258,-0.0353966281,-0.0206749607,0.0079716314
8.6350603104,0.0112333158,0.0029551096,-0.0023108493,-0.0113310609,-0.0209087841,0.0057350751
8.6449832916,0.0052292207,0.0067925905,-0.0055325995,-0.0007777535,-0.0190504305,0.0107532693
8.655046463,0.0021482268,0.004413635,-0.0046953927,0.0027583917,-0.0164008532,0.0140272938
8.6648340225,0.0005950491,-0.0045773382,-0.003475405,0.003773855,-0.0149941705,0.0110791735
8.6747589111,0.0017014305,-0.0105314991,-0.0008861792,0.007043507,-0.0137717798,0.0096772518
8.6846561432,0.0027484754,-0.008232302,0.0031909575,0.0091386158,-0.0154277328,0.0082221013
8.6946220398,0.0060661295,-0.0041607539,0.0049710502,0.0139908949,-0.0120907929,0.0029061323
8.7045526505,0.0075901309,-0.0056137438,0.0038464298,0.0153080942,-0.0141467527,0.0025804276
8.7144889832,0.0111323753,-0.0039441432,0.0023324718,0.0135081522,-0.017577704,0.0017575108
8.7244100571,0.0156476367,-0.0074919905,-0.0017973554,0.017357219,-0.020196123,0.0003335185
8.734375,0.0125475684,-0.0110427057,-0.0042351852,0.0070187394,-0.0232979059,-0.0028033857
8.7442522049,0.0106999436,-0.0102937361,-0.0062832604,-0.0038560126,-0.0207508598,-0.0025554453
8.7542152405,0.0078646103,-0.0050822715,-0.0077441703,-0.0012785168,-0.018368395,-0.0054712398
8.7638893127,0.0064125219,-0.0010318154,-0.0072327028,0.0107914619,-0.016201647,-0.0067823147
8.7738666534,0.003805385,0.0037734366,-0.0063366662,0.0190592445,-0.0160554387,-0.0050882781
8.7839603424,0.0013957481,0.0055205976,-0.0057797204,0.0263128094,-0.0114630852,-0.0020628937
8.7939043045,0.0028734365,0.0072969799,-0.0073836218,0.035348203,-0.0058680503,0.0005544613
8.8037919998,0.0064380327,0.0062614088,-0.007299758,0.0419789404,-0.0039018381,2.5291e-05
8.8136987686,0.0057545463,0.0039932583,-0.0087208524,0.0393206626,0.0020623109,0.0054310421
8.8236656189,0.0022744695,0.001956702,-0.0083564296,0.0272498857,0.0062184399,0.0132277124
8.8335542679,0.0027433792,-0.0022098043,-0.0071289907,0.0146748833,0.00473719,0.0146824308
8.8435468674,0.004318879,-0.0080893999,-0.0041153203,-0.0071638366,0.0053755497,0.0159181375
8.8534002304,0.0050038258,-0.0060239877,-0.0022417675,-0.0161872469,0.0097300848,0.0190892294
8.8633947372,0.0079732398,-0.0034027316,0.0006684888,-0.0169409215,0.0030996122,0.0214906018
8.8732500076,0.0091557959,-0.0035102882,0.0058182706,-0.0205319282,0.0007967767,0.0117201963
8.8832464218,0.0060539404,-0.0065296735,0.0080694184,-0.0241660792,0.0034655305,0.0121638793
8.8931045532,0.0060893456,-0.003672763,0.0071442951,-0.0218760259,0.0056977919,0.0127203465
8.9031057358,0.0040472308,0.0007560111,0.0020863046,-0.0062874784,0.0066227079,0.011249749
8.9129533768,0.0020777443,0.0056186323,0.0047301878,0.0092518888,0.0073755835,0.0094635673
8.9229650497,0.003801153,0.0042576198,0.0052414169,0.018513564,0.0056266855,0.0096590435
8.9328107834,0.0047895173,0.0042114188,0.0081697926,0.0206501298,0.0024519314,0.0073111672
8.942773819,0.001559035,-0.0013305539,0.0158536062,0.0182293169,0.0004977037,0.0073492499
8.9526662827,-3.85781e-05,-0.002796381,0.0153846368,0.0092383064,-0.0014703723,0.0104825925
8.9625911713,0.0004737536,-0.0045658196,0.0152802095,-0.0040431446,-0.0063886982,0.0115595749
8.9725866318,0.0049441615,-0.0068661715,0.0154295787,-0.0191721171,-0.0072044241,0.0191795789
8.9824409485,0.0041335383,-0.0077459882,0.0149285421,-0.0336479954,-0.0093496013,0.0240949746
8.9924936295,0.0042379359,-0.0061443592,0.0134035572,-0.0380959213,-0.0121009126,0.0244310647
9.0023155212,0.0077920118,-0.0021940016,0.0129710063,-0.0311011262,-0.0155350585,0.0267370958
9.0122261047,0.0094540277,0.0056750705,0.010862492,-0.01939396,-0.0157925859,0.0323587283
9.0221748352,0.014382259,0.0082959021,0.0080660209,-0.0049737412,-0.0213053301,0.0372038186
9.0320682526,0.0184751023,0.0034930266,0.0029323329,0.0051889699,-0.0228366479,0.0321036987
9.0420627594,0.0193964709,-0.0008700409,-0.0016117465,0.0123571344,-0.0197119601,0.0272434298
9.0519180298,0.0132996002,-0.0021923997,-0.0038478146,0.008990366,-0.0177974142,0.0252309442
9.0619106293,0.0069632391,-0.004692256,-0.0005077493,-0.0028468519,-0.0127541851,0.0239204038
9.0717668533,0.0038611749,-0.0108538857,0.0018350709,-0.0176376924,-0.0089168372,0.0203196108
9.0817546844,0.0039766887,-0.0118736019,0.0061044325,-0.0214904882,-0.0085120369,0.0161901135
9.0916290283,0.0073668817,-0.0091715818,0.0044442047,-0.0210339352,-0.0116564305,0.011039759
9.1015558243,0.008240805,-0.0013883704,0.0020215143,-0.0198477618,-0.01281677,0.0124475062
9.1112995148,0.0082828561,0.0008777759,-0.0033587588,-0.011170296,-0.0149046881,0.0136146033
9.1213951111,0.0097003439,-0.0001341396,-0.0065502296,0.0005542701,-0.0148892421,0.0143762669
9.1313362122,0.0062935213,-0.0028707676,-0.0042268406,0.001918697,-0.0163198914,0.0104504684
9.1412830353,0.0011129539,-0.0040439214,-0.0055535208,0.0064005307,-0.0160618313,0.0167855956
9.1513385773,0.0014728765,-0.006778344,-0.0069758068,0.0158991385,-0.0098992772,0.0127248075
9.1611614227,-0.0014463206,-0.0020844631,-0.0074732671,0.0241986122,-0.0057814973,0.0170958526
9.1708755493,-0.0004535158,0.0013777843,-0.0030994187,0.0410881154,-0.0005150964,0.0174308121
9.1809806824,0.0006746511,0.0002106882,0.0022040238,0.0516440868,-0.0018346928,0.0137857441
9.1910467148,0.0029854039,-0.0113632372,0.0039631356,0.0465689898,0.0013448553,0.0089893248
9.2007741928,0.0045865932,-0.0229567066,0.0007388223,0.0177171007,0.0015986545,0.0113906972
9.2106971741,0.0064987997,-0.0237650648,0.0007867444,-0.0031373142,0.000200495,0.0108860284
9.2206830978,0.0063364068,-0.0190199614,0.0013891686,-0.0170850884,-0.0009249569,0.0102247652
9.2305774689,0.0072756568,-0.0136593124,0.0036732783,-0.019590145,-0.0052592512,0.007952556
9.2405776978,0.0093768993,-0.0053973491,0.0053754081,-0.014523482,-0.0061114631,0.0102583207
9.2504262924,0.0101269344,-0.0058434973,0.0041001667,-0.0117676426,-0.00986146,0.0073663611
9.2604131699,0.008828924,-0.0096935173,0.0003910888,6.18524e-05,-0.0072086854,0.0063106837
9.270275116,0.0070921639,-0.0036846467,-0.0008082759,0.0154411625,-0.0090380106,0.0040324829
9.2802448273,0.0048666755,0.0045155142,-0.0005970966,0.0300499331,-0.0111826546,0.0058940323
9.2901115417,0.0005146723,0.0027549423,0.000448488,0.0358316563,-0.0122545762,0.000834659
9.3001251221,0.000583605,-0.0058463062,0.0058306088,0.0353637375,-0.0166005883,-0.0006239545
9.3099784851,0.0037553171,-0.01321078,0.0076256623,0.0211058855,-0.0160570387,-0.0010840821
9.3199768066,0.0082831243,-0.0154105416,0.0048466553,0.0026456511,-0.0180522799,-0.0010534555
9.329829216,0.0091765681,-0.0141390106,0.0029672016,-0.0022916719,-0.0185702629,-0.0004336718
9.3398323059,0.0069540897,-0.0105219251,0.0034700264,-0.0057537812,-0.0195558984,-0.0043628998
9.3496780396,0.0078576067,-0.0026708238,0.0046899547,-0.0018907776,-0.0155861909,0.0005427764
9.3596363068,0.0033435086,0.0048234765,0.0029583205,0.0065237461,-0.0090569193,0.0037468255
9.3695316315,0.0042238096,0.0034220002,0.0014698136,0.0143296495,-0.0111373803,0.0029834637
9.3794975281,0.0049240449,-0.0028218471,0.0040114154,0.0151946433,-0.0130266268,-0.0008000894
9.3896532059,0.0093202451,-0.0035457902,0.0066169132,0.0130710388,-0.0119954506,-0.0019689172
9.3994941711,0.0103529552,-0.0010837385,0.0124399886,0.0290904846,-0.0144117372,-0.001392077
9.4094781876,0.0120409885,0.0051942025,0.0183419809,0.0350185037,-0.0211279634,-0.0088520236
9.4191169739,0.0075795809,0.006300271,0.0121366009,0.039259322,-0.0203239545,-0.0078397561
9.4291095734,0.0069353739,-0.0039800177,0.004850172,0.0208718814,-0.019558562,-0.0075858566
9.4390211105,0.0075116316,-0.0072727124,0.0031397571,0.0018614391,-0.0227964334,-0.0017399522
9.449005127,0.0082830945,-0.0036791258,0.0001763332,-0.006219035,-0.0203849413,-0.0006676635
9.4587860107,0.0090181688,0.0008678294,-0.0019353997,-0.0017196247,-0.0234001726,0.0017129362
9.4687871933,0.0078364471,0.0052507226,0.0004185069,0.001277585,-0.0251844898,0.0054321405
9.4787168503,0.0078341225,0.0067742844,0.0039300551,-0.0002289652,-0.0237375945,0.009209834
9.4886960983,0.0042562047,0.0031284622,0.0081343874,-0.0054912819,-0.0212472733,0.0098602446
9.4987783432,-0.0017892857,0.0013351521,0.007086419,-0.0146094132,-0.0150857838,0.0088082962
9.5085277557,-0.0020946106,-0.0017236018,0.0025144445,-0.0212171599,-0.0174019355,0.0105195437
9.5184278488,0.0026225308,-0.0019430885,-0.0022774707,-0.0249511767,-0.0184573457,0.0171750505
9.5283527374,0.0043858448,0.0031773529,-0.006591178,-0.0187828522,-0.0110633448,0.0213832092
9.538271904,0.0045761326,0.0102461437,-0.0077503095,-0.0076223435,-0.0107147368,0.0198489632
9.5482196808,0.0063780705,0.0079194093,-0.0046974192,0.0108975442,-0.0113144815,0.0181250647
9.5580997467,0.0089535275,0.0047043567,-0.0076741944,0.0228058696,-0.0087397369,0.0199834183
9.5680980682,0.0101625482,0.0016707784,-0.002633251,0.0310983304,-0.0139840338,0.017426651
9.5779333115,0.0078470567,-0.000344097,-0.0011306774,0.0276655164,-0.0122324731,0.0163512677
9.5879325867,0.0039703706,-0.004871517,-0.0033259166,0.0259166192,-0.0106116729,0.0113052102
9.5978221893,0.0034887949,-0.0102104908,-0.0073894034,0.0139217414,-0.007119203,0.0094271479
9.6077814102,0.0017926852,-0.0072048078,-0.0054094563,0.0020743145,-0.0038152856,0.0122796269
9.6176757812,0.0022718767,-0.0089055886,-0.007795311,0.0021211861,-0.0008104409,0.0092777116
9.627664566,0.0067192176,-0.0083524873,-0.006626464,0.0024490214,0.0037869739,0.0077414671
9.6375341415,0.0066731134,-0.0106828576,-0.006986178,0.001106522,0.0020359457,0.0050271736
9.6474752426,0.0057041803,-0.00554648,-0.0061740647,0.0021536765,-0.000439729,0.0069740443
9.6573667526,0.0051565925,-0.0041938643,-0.0039882432,0.0011150436,-0.0038317973,0.0098494589
9.6673717499,0.0016198318,-0.0042259614,-0.0059095393,0.0040545519,0.0019432675,0.008299333
9.677236557,-0.0049365303,-0.004666246,-0.0057899128,0.0068463436,0.0059451996,0.0113640986
9.687166214,-0.0039574942,-0.0039108987,-0.0016336214,0.0058998563,0.002973112,0.0091022095
9.6971416473,-0.0016787191,-0.0060099582,-0.000689007,0.00089338,0.0042474344,0.0111126294
9.7070007324,-0.0006695528,-0.0109592369,-0.0014700067,-0.0065760771,0.0060887444,0.0107120909
9.7169647217,-0.0011567016,-0.0117141223,-0.0014118921,-0.013529323,0.0076837111,0.0129512753
9.7268543243,0.0055839876,-0.0106554693,0.0005227554,-0.0192542337,0.0042868494,0.011786975
9.7368402481,0.0097028175,-0.0085450923,0.0032089581,-0.019896321,0.0044714063,0.0123710064
9.7466945648,0.0083731571,-0.0072660889,0.0060520996,-0.0143884597,0.0023619165,0.0068940157
9.7567024231,0.0050604204,-0.0067919786,0.0048029651,0.0006259093,0.0005051606,0.0033759803
9.7665481567,0.0028021494,-0.0048040147,0.0038523902,0.0191769563,-0.0007731566,0.0013786762
9.776506424,0.001507775,-0.0008491718,-0.0001016628,0.0365178622,0.0014790787,-0.0029918374
9.7864303589,0.0017421107,0.0002048767,-0.0006504428,0.0458321795,0.0028969455,-0.0031505951
9.7963085175,0.0060121575,-0.0056334506,0.0013690222,0.0454388335,0.0002313876,-0.0003726517
9.8064937592,0.014012442,-0.0151680326,0.0042749275,0.0357145667,-0.0024219197,-0.0038169848
9.8162498474,0.0118062058,-0.0152853569,0.0056899418,0.019600844,-0.0036376528,-0.0108650411
9.8261489868,0.0059411088,-0.0188652128,-9.8121e-06,0.0012605409,0.0004329889,-0.010894102
9.8360939026,0.004251794,-0.0177869722,-0.0001226437,-0.0161200464,0.0033182576,-0.0062937578
9.8462295532,0.0042726258,-0.0089167198,0.0021181931,-0.0217528101,0.0039784554,-0.0015711077
9.8559436798,0.0026265541,-0.003394156,-0.0003402006,-0.0095534017,0.0053782128,0.0014425253
9.8658618927,0.0016919832,7.80529e-05,0.0007148612,-0.0022393856,0.0060288231,0.0001831499
9.8757982254,0.0003832738,5.77575e-05,0.0048213233,0.0041468749,0.0078304512,-0.002126876
9.8857097626,0.0011446337,-0.0050296108,0.0025187959,0.0048729414,0.0102347536,-0.0042687235
9.8955307007,0.0012541573,-0.0052325497,0.0048521985,0.007950224,0.0129700862,-0.0047211945
9.905538559,0.0025982419,-0.0001624965,0.0027411212,0.0065479809,0.0101588527,-0.0029162038
9.9153928757,0.002433137,-0.0019173691,0.0067718257,0.0129326433,0.004525735,-0.006040358
9.9253568649,0.0073664645,-0.0080082556,0.0095355138,0.0113446005,-0.0040866621,-0.003830167
9.9353322983,0.0130633572,-0.0096250242,0.0110935792,0.0191910714,-0.0058872253,-0.0017198785
9.9452705383,0.0127782384,-0.0076131369,0.0153690204,0.0190676786,-0.0071772598,-0.007811659
9.954949379,0.0105511406,-0.0059484015,0.0151067004,0.0101431599,-0.0089264242,-0.0132636828
9.965089798,0.0033254484,-0.0091219014,0.0104232058,0.0033429554,-0.0057159835,-0.0101202875
9.9750118256,0.0018330674,-0.0069090272,0.0068661203,-0.0008640401,-0.0053660441,-0.0079375599
9.9851427078,-0.0016800006,-0.0035891079,0.0048859348,-0.0007252009,-0.0062571382,-0.0058024051
9.9951267242,-0.0002318163,-0.0050464715,0.0023573269,-0.0035351021,-0.0047292826,-0.0036311292
10.0048160553,0.0058102468,-0.0080998233,0.0051912894,-0.0032682531,-0.00845824,-0.0042400612
10.0147457123,0.0126324156,-0.0079695275,0.0097575411,-0.001682607,-0.0058856271,-0.0059570009
10.0246887207,0.015073047,-0.0059255655,0.0155652985,-0.001485711,-0.0118351281,-0.0092375502
10.0346488953,0.0112078646,-0.0050695757,0.0137947425,0.0010133996,-0.0104566766,-0.0140767805
10.0444612503,0.0074343244,-0.0088494783,0.0095186457,-0.0033148583,-0.0132588549,-0.0128401406
10.0545768738,0.0046847025,-0.0056179534,0.0075631966,-0.003198212,-0.0123131666,-0.008774559
10.0643777847,0.0076763192,-0.005302995,0.002106749,-0.006955666,-0.0158330668,-0.0152198076
10.0742378235,0.0063759843,-0.006151482,-0.0003824007,-0.0061306185,-0.0169033911,-0.0238199551
10.0842227936,0.00285332,-0.0030524053,0.0019900431,0.0025982466,-0.0161680914,-0.0244239252
10.0940332413,0.0019365709,0.0014460689,0.0080319867,0.011571235,-0.0204536505,-0.0264793541
10.1039981842,0.0017688732,0.0016385025,0.0127914771,0.0168869048,-0.0201284792,-0.0258192886
10.1139240265,0.0030280212,0.0022882752,0.0080196485,0.0179500394,-0.0247996636,-0.025513025
10.1241197586,0.0049342075,0.000120402,-0.0005332005,0.0107854251,-0.0198722836,-0.0219756141
10.1337747574,0.0024970034,-0.0017582098,-0.0096332803,0.0037826435,-0.0182853062,-0.0165781863
10.1437110901,0.0050277868,-0.0049518119,-0.0128718391,-0.0016139862,-0.0171617176,-0.0109835174
10.1536951065,0.0055464664,-0.003222666,-0.0110195652,-0.0002485835,-0.0153126847,-0.0106559489
