0.0000000000,0.0004293334,-0.0011693221,0.0035510815,0.0051652994,-0.0002701501,0.0006485425
0.0097169876,0.0004082409,0.0007928628,0.0025214113,0.0062430808,-0.0002890585,-0.0025392612
0.0198760033,0.0004360166,-0.0040640216,0.0015375174,0.0040925783,0.000781266,-0.0004199177
0.0298799276,0.0013683301,-0.0020577293,0.0034325875,0.0094119757,0.0019088485,-0.0004396252
0.0398570299,0.0052261217,0.002904119,0.0014053143,0.0083401864,0.0029605306,-0.0004413561
0.0498479605,0.0033003923,-0.0019597989,0.0013694323,0.0051081739,0.0061509977,0.000602603
0.0598900318,0.0032461446,0.001978578,0.0022809661,0.0061755697,0.0051123649,0.002731534
0.0739369392,0.0042341365,0.0020256061,0.0022030629,0.012615093,0.0008869932,0.002754437
0.0799310207,0.0043016686,-0.0008276682,0.0021124042,0.0126229487,-0.0012246271,0.0059559559
0.0898159742,0.0043145954,0.0021621007,0.0039416109,0.0126176225,-0.0001649554,0.004886697
0.0997819901,0.0053640842,0.0012618322,0.0038468398,0.0126602333,-0.005505925,0.0049199862
0.1097769737,0.0044969111,-0.0035795551,0.0047558108,0.0051605054,-0.0033990983,0.0080987355
0.1197420359,0.0016396281,-0.0045661312,0.0056691323,0.004070607,-0.0002110279,0.0070168264
0.1298729181,0.0007142362,-0.0006456356,0.003624276,0.0094392737,-0.0044356002,0.0081028631
0.1398079395,0.0007792723,-0.0035219174,0.004544572,0.0062370887,-0.0023687212,0.0027800032
0.1497849226,-0.0011357281,-0.0054604392,0.0074458281,0.0019182405,0.0040015606,0.0016793187
0.1597739458,-0.0041858391,-0.0017846804,0.0072035948,-0.0023553353,0.0050255461,0.000614587
0.1697609425,-0.005472532,0.0001286287,0.0053130542,-0.0002258718,0.0061017284,-0.0004562701
0.1797540188,-0.0059072212,-0.0026571136,0.0061891237,0.0029772464,0.0061225016,-0.0015235317
0.1897889376,-0.0060668201,-0.0021731239,0.0044666091,-0.0002145525,0.0060705701,-0.0047081397
0.1995729208,-0.0056855888,-0.0018017273,0.004767851,-0.0055280905,0.0049227476,-0.0089457612
0.2095669508,-0.0023317027,5.8772e-05,0.0009401001,-0.0044641588,0.0049400581,-0.0078842258
0.219555974,-0.0010912854,0.0021433849,0.0016571439,-0.0012619738,0.0049648257,-0.0078866221
0.2300499678,0.001290695,0.0014938135,0.0020734824,0.0040888498,0.0028782389,-0.0068147006
0.2398879528,0.0027457711,0.0015798826,-0.0001171075,0.0062267017,0.002888625,-0.0068132356
0.2497879267,0.0051679253,0.0054154415,0.0008952178,-0.00018619,0.0018156376,-0.0014898429
0.2597110271,0.032947287,0.0065771956,0.0020436801,-0.0864391848,-0.0903720781,0.1702120155
0.2697299719,0.2311022133,0.0258578081,0.017974928,-0.1304553896,-0.2350696027,0.288044095
0.2797260284,0.1734501868,0.051946044,0.0406971127,-0.0044943858,-0.1483653337,0.0642936975
0.2897900343,0.0180452932,0.0163159985,0.0182673484,0.0556328669,-0.0289036594,-0.0193894822
0.2997199297,-0.0031508419,-0.0084151607,-0.0002388798,0.0061928802,-0.0012078491,0.0133956298
0.3097399473,0.0103298882,-0.0044042449,0.0048275748,0.0019525951,-0.0002717481,0.0017062169
0.3197299242,0.0091696465,-0.0005981904,0.0069407383,-0.0054936036,-0.0035319896,0.0027975803
0.3297059536,0.0021286693,0.0021130461,0.0071582953,-0.0119259376,-0.0014169072,0.0059755305
0.3396480083,0.0045285015,0.0001643915,0.0056110183,-0.0119194118,-0.002478976,0.007045988
0.349717021,-0.0104210889,0.0020108242,0.0042863642,-0.0087103033,-0.002472318,0.0049189208
0.3597259521,-0.0168878343,0.0007778425,0.0025094307,-0.0044316677,-0.0024637959,0.0017273892
0.3697209358,-0.0165762287,-0.0001096707,0.0013539947,-0.0022899546,-0.0024653939,-0.0003988787
0.3797049522,-0.0184795167,0.0007701535,-0.000723406,-0.0065402258,-0.0035945741,-0.0035756305
0.3897129297,-0.0181113984,0.0037614126,0.0020474351,-0.0033415034,-0.0035607519,-0.0025156923
0.3996909857,-0.0166983884,0.0047692675,0.0009445704,-0.0011775522,-0.0067581432,-0.0035595184
0.4095789194,-0.0170178246,0.0066962857,-0.00112383,0.002007056,-0.0045959223,-0.0035757637
0.4197269678,-0.0145808076,0.0067282934,-0.0012206279,0.0073470934,-0.0056076576,-0.001446966
0.4297039509,-0.0130360937,0.0057572741,0.0016639985,0.0084072985,-0.0034891129,-0.0046486184
0.4397889376,-0.0135258948,0.0037713666,0.0006318844,0.0094868103,-0.0045583723,-0.0057049608
0.4496040344,-0.0111213764,0.0008524079,0.0005917705,0.013752928,-0.0045162942,-0.0046458216
0.459700942,-0.0086873686,0.000828566,0.0025587834,0.0094924029,-0.0056185764,-0.0046354355
0.4695990086,-0.0121283149,0.0007348079,0.0044995109,0.0041429112,-0.0024898949,-0.0089015532
0.4796929359,-0.0067911432,-0.0032076817,0.003639654,0.0051836749,-0.0024113317,-0.0004026073
0.4897630215,-0.0102994209,0.0014944691,0.0017650879,-0.0001570284,-0.0003513766,-0.0046618003
0.4995999336,-0.0099394983,0.0003802199,0.0029011525,-0.001195129,-0.0035738014,-0.0057030967
0.5095950365,-0.0086594215,0.0012809057,0.0020036257,0.0051426622,0.0029243117,-0.0015000959
0.5195969343,-0.0083277887,-0.0017011743,0.0049994746,-0.0023259073,0.0018111099,-0.0004273746
0.5298999548,-0.0110571375,0.0011507291,0.0059884349,-0.004441523,0.0006987078,-0.0036058575
0.5395820141,-0.0089304512,-0.0008199196,0.006042615,-0.003365472,-0.0003593659,-0.0025340682
0.5496089458,-0.0096083572,-0.0028215628,0.0040933648,-0.0097663794,-0.0004179557,-0.0035916097
0.5595400333,-0.0104582896,-0.004810689,0.0051072994,-0.0108466903,0.0006529014,-0.0025360654
0.5698490143,-0.0112989238,0.0029010195,0.0032099045,-0.0086892629,-0.0004355324,-0.0067800786
0.5798670053,-0.0091485148,0.0028562564,0.002286867,-0.0054892087,-0.0014512622,-0.0035890795
0.5901930332,-0.0089708036,-0.0001279097,0.0033608235,-0.0108402995,0.0006358572,-0.0046612681
0.6002539396,-0.0098126447,0.0007870216,0.0024186529,-0.0130106434,0.003848162,-0.0025580365
0.6102019548,-0.007673441,0.0056263823,0.0014687933,-0.0086358674,-0.0068513537,-0.0078036645
0.6199669838,-0.0064906315,0.0017176289,0.0014796413,-0.0065169232,-0.0057477402,-0.0056876503
0.6293299198,-0.0072574974,-0.0002768617,0.0005115427,-0.011895976,-0.0014960032,-0.0035866825
0.6395419836,-0.0061012344,-0.0002851468,0.0024811781,-0.0118825259,-0.00362307,-0.0025111651
0.6494259834,-0.0068374039,-0.0013411026,0.0015900887,-0.0107642645,-0.0089765564,-0.0046020127
0.6593419313,-0.0056919665,-0.0014314633,0.0036785163,-0.0182809047,-0.0036867193,-0.0035661764
0.6694170237,-0.0065238685,-0.0015667062,0.0067957202,-0.0311160088,-0.0005796094,-0.0035773616
0.6793539524,-0.0112288808,-0.008619247,0.0119745294,-0.0385985598,0.0014822097,-0.0057104202
0.689432025,-0.0111573255,-0.0039806943,0.014291958,-0.0471148156,-0.0017809615,-0.0046209213
0.6993319988,-0.008115313,-0.0071961265,0.0138289491,-0.0631811321,0.0055619064,-0.0057170782
0.7093279362,-0.0080477064,-0.005639432,0.0114824334,-0.0791779459,0.0033096708,-0.0046289107
0.7193229198,-0.0050728382,-0.0021600109,0.0072713653,-0.0866359919,0.0011221506,-0.0046133315
0.7293169498,-0.0030311036,0.0022814889,0.002060727,-0.0812095329,-0.0084822737,-0.0077420129
0.7393139601,-0.0029156941,-0.0020083766,-0.0022566163,-0.0694803074,-0.0062670563,-0.0088249873
0.7493059635,-0.0017417285,-0.0062046628,-0.0115982732,-0.0587517619,-0.0136474743,-0.0066598374
0.7595009804,-0.0006146121,-0.0024507027,-0.0133585772,-0.0523300841,-0.0136432135,-0.0119763054
0.7694770098,-0.0023719284,-0.0025928002,-0.0151836118,-0.0405448005,-0.018896034,-0.0119504733
0.7795419693,-0.0071314038,-0.001697002,-0.0141963204,-0.0330000594,-0.0253038649,-0.0182890631
0.7895389795,-0.0089609465,-0.0046376567,-0.0092952689,-0.0212323535,-0.0284192301,-0.0182770789
0.799472928,-0.0098069524,-0.0105763059,-0.0101709804,-0.0308925696,-0.0220771786,-0.0172465686
0.8094649315,-0.0184931066,-0.0244958978,-0.006919547,-0.0534149185,-0.0104673933,-0.0141189527
0.8194719553,-0.0144220656,-0.0405092835,-0.0021920644,-0.1186708957,-0.0043168236,0.0145726139
0.8294730186,-0.0159108844,-0.0659713149,-0.0162480325,-0.2215365469,0.0314808562,0.0441592671
0.8421210051,-0.0163414832,-0.1027897596,-0.003665372,-0.4046499133,0.0786678046,0.1034755856
0.8496339321,-0.0141308149,-0.1742030978,0.0092324773,-0.6539327502,0.1315933466,0.143677339
0.8594739437,-0.0235795137,-0.1578559279,-0.0034360134,-0.7468346357,0.1362038106,0.141585961
0.8695369959,0.0200374294,-0.078841269,0.0029068745,-0.8205224872,0.1451440305,0.1288307458
0.8794820309,0.005782017,-0.1297979355,0.0192446262,-0.9722844958,0.1863034517,0.0798002183
0.8894629478,-0.033134751,-0.0845791698,0.0346776396,-1.236918211,0.1798633933,0.0662157014
0.899469018,-0.0171027239,-0.1012061238,0.011836485,-1.443395853,0.2527016401,0.021266602
0.9094530344,-0.0392220244,-0.0956741571,0.0300263911,-1.6279515028,0.2530939281,-0.0157907512
0.9194669724,-0.0053779394,-0.0520753264,0.041152671,-1.8438184261,0.2907803357,-0.0381952599
0.9294599295,-0.0269676056,-0.0856156349,0.0271808654,-1.9893604517,0.3502489924,-0.0767253414
0.9394569397,-0.0262826215,-0.019221602,-0.008317872,-1.9765557051,0.3566330969,-0.091648899
0.9493899345,0.0036170122,0.0418577194,-0.0160330981,-1.8553555012,0.2922469378,-0.1061894894
0.9593909979,0.0192605425,0.0636230707,-0.0094603142,-1.6692951918,0.260392338,-0.1252370775
0.9693880081,0.0272657145,0.0542707443,-0.005476757,-1.4474704266,0.2856215239,-0.1255555898
0.9793739319,0.0205097366,0.0607483983,-0.0014679872,-1.2541570663,0.2669484913,-0.1085680947
0.9897480011,0.0347684845,0.0535991788,0.0104515115,-1.1725208759,0.1972120255,-0.0879874527
0.9993809462,0.0428776145,0.0182712693,0.0141386548,-1.1563355923,0.1717809737,-0.0772119015
1.0093690157,0.0286035035,0.0011567492,0.0174942762,-1.1809376478,0.1717268974,-0.0612584986
1.0192760229,0.0270912964,-0.0017538648,0.0172588378,-1.2735306025,0.135792613,-0.0545852818
1.0293859243,0.0414572209,-0.0005724411,0.0157579929,-1.3982621431,0.1103727371,-0.0394598618
1.0394870043,0.0462383404,-0.0092864018,0.0247374326,-1.5317219496,0.1125714481,-0.0361924283
1.0493379831,0.0391457304,-0.0037967544,0.0383191258,-1.6952013969,0.1263881922,-0.0223567747
1.059394002,0.0430294871,-0.0209248643,0.0527948886,-1.8126087189,0.1191864684,-0.0094843861
1.0693190098,0.0392965004,-0.0067882519,0.0349602252,-1.8189145327,0.0927356929,0.0278752353
1.0793279409,0.0331225991,0.020077588,0.0214139968,-1.7415021658,0.0071629984,0.0761875138
1.0893509388,0.0336770788,0.0409890413,0.0323399454,-1.5787724257,-0.0691916943,0.1243766174
1.0993360281,0.017913105,0.0446043015,0.0486241728,-1.363139987,-0.2136394233,0.1612837464
1.1093269587,0.0253717918,0.0558566451,0.0438719541,-1.132938385,-0.4434513152,0.2019217312
1.1193119287,0.0364460349,0.0510296226,0.0043935934,-0.9324070811,-0.704388082,0.2544687092
1.129308939,0.0290494058,-0.0005573016,-0.0480718464,-0.7882227302,-0.993539989,0.3083002567
1.1393070221,0.0262891594,-0.0707687736,-0.0652500838,-0.7456630468,-1.272439599,0.4025045037
1.1492959261,0.0327797234,-0.0982031822,-0.049738273,-0.8072214723,-1.5087895393,0.5676884055
1.1592929363,0.0463903621,-0.1296209097,0.0259941965,-0.7476226091,-1.6779862642,0.727042079
1.1692179441,0.0840965286,-0.0385640264,0.1237188131,-0.7545529604,-2.0249259472,0.7845410705
1.1793010235,0.0958195701,0.0615358949,0.3848104775,-0.6510330439,-1.3634741306,0.4210916162
1.1893019676,-0.1410913914,0.04114151,0.014051334,-0.8144789934,-0.5378449559,-0.0006055401
1.1992679834,-0.3555453718,-0.1592811942,-0.1630965322,-0.8251876831,-0.1289173365,-0.0425573811
1.2092969418,-0.2050157338,0.0117725153,-0.4071933925,-1.0243256092,0.1269919276,-0.1843134612
1.2192590237,0.0193378124,-0.3727493882,-0.4187635481,-1.2346336842,0.4287459254,0.0454775319
1.2292510271,0.1824410409,-0.3588409126,-0.3860681355,-1.2928870916,0.4539583325,0.1717792749
1.2392549515,-0.01285573,0.1768601239,-0.1199706644,-1.0746122599,0.2872841358,0.1068387553
1.2492660284,0.1406249851,0.255487293,-0.0251124352,-0.5114603639,0.1073077098,0.049181059
1.2592519522,0.1981453598,0.2291910648,0.0296300203,-0.0938345119,-0.0592549071,0.0669676438
1.269233942,0.1112471446,0.1947440207,0.0904007703,0.1061678156,-0.082807906,0.0064244056
1.2792439461,0.0095559442,0.1172668934,0.108747378,0.1771380007,0.0101515977,-0.0611574315
1.2893019915,-0.0397753641,0.0661058426,0.1028659493,0.2467719316,0.1257658154,-0.1033890471
1.2992290258,-0.0546254441,0.0403346121,0.0753154904,0.3747983575,0.1352812797,-0.1067283824
1.3092179298,-0.1002949104,0.0594480634,0.0172988325,0.5337334275,0.1733916551,-0.1687051952
1.3192340136,-0.1535816491,0.0691947043,-0.0164683908,0.8881028295,0.2211154997,-0.2829363048
1.3294579983,-0.1714261323,-0.0025335234,-0.0174637288,1.4212999344,0.2300267071,-0.4735344648
1.3397079706,-0.1877729297,0.0164409298,-0.0438756794,2.2005758286,0.1870379597,-0.7064634562
1.349200964,-0.2036532164,-0.0221013408,-0.0882981867,3.0246770382,0.1569583565,-0.9703169465
1.3592159748,-0.2219618857,-0.0949088931,-0.1142603606,3.8356149197,0.1758106053,-1.2504169941
1.3691079617,-0.2241869569,-0.1329488754,-0.1344435662,4.6863040924,0.1733801961,-1.5548392534
1.3792309761,-0.1880381852,-0.1260188222,-0.1173502654,5.4690122604,0.1151738837,-1.8206063509
1.3893309832,-0.1381702721,-0.13003546,-0.072703287,6.0415878296,0.0267297756,-2.0573458672
1.3992129564,-0.1031622589,-0.2087272406,-0.0208421201,6.3106193542,-0.0399962589,-2.2292075157
1.4091939926,-0.0892380774,-0.3328403234,0.0333886892,6.2763881683,-0.0930616036,-2.4041340351
1.4191819429,-0.0959515646,-0.4301816225,0.0761396438,5.9773931503,-0.1532719582,-2.5501458645
1.4291620255,-0.0940948501,-0.4728730321,0.1183256656,5.3792219162,-0.1909431666,-2.664222002
1.4391930103,-0.094554998,-0.5682707429,0.1367811114,4.5993075371,-0.1853452027,-2.8028841019
1.4491759539,-0.0958874896,-0.6680516601,0.1088131219,3.9186925888,-0.1717462987,-2.9714171886
1.4591919184,-0.099658981,-0.6726166606,0.0583290011,3.2745945454,-0.2086529136,-3.08015728
1.4690549374,-0.0894337073,-0.6207461953,0.0133499065,2.8006613255,-0.2956147194,-3.1961252689
1.4791779518,-0.0728332847,-0.5583567023,-0.008472248,2.466776371,-0.3977520168,-3.3375859261
1.4891619682,-0.050067775,-0.4513805509,-0.0119799813,2.4309077263,-0.5211524963,-3.4865577221
1.4992070198,-0.028287163,-0.3635231256,-0.010865136,2.5608503819,-0.6965168715,-3.6129996777
1.5091329813,-0.0160668548,-0.300257504,0.0210886151,2.833881855,-0.8792912364,-3.7352423668
1.5191420317,-0.0345680192,-0.3069258928,0.0552074462,3.0524332523,-1.0498254299,-3.8766493797
1.5291140079,-0.0650444254,-0.3018747568,0.1020053774,3.1583855152,-1.1675722599,-3.9928228855
1.539131999,-0.0886807367,-0.300249815,0.1347971112,3.0663075447,-1.2205399275,-4.1039662361
1.5491179228,-0.0935047492,-0.3383123279,0.1735934168,2.9688341618,-1.2754873037,-4.1917204857
1.5591210127,-0.086654149,-0.4181044698,0.1953663975,2.7593438625,-1.355512619,-4.2367415428
1.5691459179,-0.0927932486,-0.4266012907,0.1816967279,2.5425524712,-1.4674113989,-4.2518005371
1.5791139603,-0.1015592143,-0.3916861415,0.1437279731,2.320027113,-1.5406655073,-4.2416057587
1.5891119242,-0.1207469329,-0.3325688243,0.1173594147,2.1398568153,-1.7002042532,-4.2361955643
1.5991070271,-0.1195618138,-0.2419109344,0.0855583698,1.9763579369,-1.8313581944,-4.1768021584
1.6090859175,-0.1218006238,-0.1966902614,0.0572474152,1.923043251,-1.9769358635,-4.1535105705
1.6190699339,-0.1309922487,-0.0786895752,0.0165416151,1.8062846661,-2.0883116722,-4.0719609261
1.6290739775,-0.149591282,0.0140716452,0.0263971239,1.8503190279,-2.1378319263,-4.0281124115
1.639078021,-0.1774259359,0.0872561932,0.0254173428,1.9081419706,-2.1828355789,-3.9694333076
1.6490830183,-0.1967114955,0.1298276782,0.0449502617,1.9912520647,-2.2121343613,-3.8460640907
1.6590719223,-0.2077036649,0.1370711923,0.0222427398,2.0677061081,-2.2219991684,-3.6930656433
1.6690919399,-0.2256370932,0.1794962883,-0.0185007304,2.0682749748,-2.2206869125,-3.5400900841
1.6790640354,-0.2446047217,0.2163672447,-0.0515178889,2.0816864967,-2.2235484123,-3.3870978355
1.6892210245,-0.2595094144,0.2225902081,-0.0735588521,2.0639424324,-2.2135732174,-3.2044186592
1.6990799904,-0.2770055234,0.1720064878,-0.0878866762,2.1491775513,-2.2532877922,-3.0512371063
1.7089009285,-0.2976540625,0.1787549853,-0.1467405409,2.148409605,-2.2439594269,-2.8345692158
1.7190459967,-0.3225331604,0.2151175737,-0.1902913302,2.0804316998,-2.2310607433,-2.6391236782
1.7290409803,-0.3428505957,0.2361751199,-0.2047181576,2.0332961082,-2.147657156,-2.4675242901
1.7391059399,-0.3507418931,0.2136271,-0.2037804574,1.9392689466,-2.079449892,-2.2809209824
1.748955965,-0.3466082513,0.1994630098,-0.1810209602,1.8352358341,-1.9663512707,-2.0850393772
1.7590559721,-0.3477320969,0.1495270133,-0.1491182297,1.7519026995,-1.8981127739,-1.9037528038
1.7690409422,-0.3554595411,0.1241019368,-0.1423321813,1.5895763636,-1.8262878656,-1.7319978476
1.7790189981,-0.369104296,0.1473864317,-0.1724403948,1.3660508394,-1.7079867125,-1.5700650215
1.789041996,-0.3751284778,0.1589501798,-0.188628003,1.2751694918,-1.5977773666,-1.4740386009
1.7990279198,-0.3795036972,0.1529034376,-0.1875172108,1.2172119617,-1.4806044102,-1.3430198431
1.8090039492,-0.3708769381,0.1754337847,-0.1706165522,1.179297328,-1.3312817812,-1.220724225
1.8190670013,-0.3554435074,0.1337183416,-0.1355202049,1.1267483234,-1.2247133255,-1.085393548
1.8290629387,-0.3306873739,0.1154948771,-0.1253917068,1.0442392826,-1.1098189354,-0.9490324259
1.8389890194,-0.3210097849,0.0816036761,-0.1001846641,1.0615615845,-1.0468710661,-0.8527737856
1.8489940166,-0.3168012798,0.0748428702,-0.0971644372,1.028463006,-0.9627349377,-0.733246088
1.8589849472,-0.3045342267,0.0972709656,-0.1133445352,0.9857819676,-0.8714165092,-0.6403189301
1.8691359758,-0.2780801952,0.0698072612,-0.1081586331,0.9217848778,-0.7782543302,-0.5622614622
1.8789839745,-0.248653546,0.047873348,-0.0827575177,0.8367391825,-0.7195034027,-0.4892772436
1.8889780045,-0.221941784,0.0321535766,-0.0643423647,0.7173635364,-0.6375573874,-0.4227946103
1.8989670277,-0.1989447623,0.016663881,-0.0529358238,0.6743532419,-0.615105629,-0.3836035132
1.909175992,-0.1905470043,0.0062762219,-0.028910026,0.5895640254,-0.5789864659,-0.3327837586
1.9189670086,-0.1919284016,0.0270349402,-0.0265467614,0.3943913579,-0.4840016663,-0.2982060611
1.928951025,-0.1968137771,-0.0071320813,-0.0407715887,0.185798198,-0.3153588474,-0.2619703114
1.9389499426,-0.1843076497,-0.009211598,-0.1086135954,0.0806840211,-0.1405321807,-0.2205320448
1.9491519928,-0.1675588638,0.0389070809,-0.1552332491,0.0420343652,-0.0056816936,-0.1650727838
1.9589419365,-0.1576682478,0.0680376887,-0.1764744371,0.0322602987,0.1219239384,-0.1085264161
1.9689660072,-0.1485997587,0.0664942265,-0.185902819,0.0794203579,0.2082372457,-0.057061892
1.9790229797,-0.1386167556,0.086155951,-0.1874452084,0.1471754462,0.2489194274,0.014871954
1.9892439842,-0.1313050538,0.1037315428,-0.1797123998,0.2012650371,0.2607068419,0.0944370851
1.9990810156,-0.1371402293,0.096587956,-0.1682681292,0.1955092698,0.2795388401,0.1771861613
2.0089221001,-0.1532855779,0.0704591572,-0.1550605148,0.1414771974,0.3300081491,0.2533887923
2.0189528465,-0.1721220762,0.0360686183,-0.1341852993,0.0404075757,0.3907594085,0.3242440522
2.0288910866,-0.1828678399,0.0137802679,-0.1348255724,-0.0659476295,0.4408784807,0.4068598151
2.0388989449,-0.1923214942,-0.0030433517,-0.1383431405,-0.1701444685,0.4825854599,0.5033380389
2.0488929749,-0.2218964845,-0.0193849187,-0.1359707564,-0.2999354899,0.5177599192,0.6094397306
2.058893919,-0.2569369376,-0.0125851016,-0.1412626356,-0.4491196275,0.5678982139,0.7335203886
2.0689280033,-0.2983643711,0.0114681739,-0.1622817963,-0.6234810948,0.6905961633,0.8656454086
2.0788879395,-0.3263006508,-0.0026595574,-0.1989424676,-0.8322964311,0.8451804519,1.0082124472
2.0888860226,-0.3224575222,-0.021446256,-0.2245569676,-1.1413496733,0.974681437,1.1828831434
2.0988769531,-0.3071048558,-0.0478417873,-0.2275507301,-1.6029011011,1.0691738129,1.4014452696
2.1088819504,-0.3051713407,-0.0908838511,-0.212678358,-2.3305020332,1.1769529581,1.6647274494
2.1188931465,-0.3069200814,-0.1264033914,-0.1915656179,-3.2804465294,1.3162823915,1.9438958168
2.1288650036,-0.2957651317,-0.1480875015,-0.1727744192,-4.3786091805,1.4404791594,2.2126421928
2.1388630867,-0.2699054182,-0.1319774985,-0.1436098069,-5.5007286072,1.4803233147,2.5138268471
2.1488330364,-0.2456347495,-0.0805220604,-0.0983049124,-6.637365818,1.4530531168,2.853700161
2.1588349342,-0.2344352752,-0.0053669792,-0.0324596614,-7.710624218,1.3823407888,3.1799969673
2.1688981056,-0.2170212418,0.0843952298,0.0389379412,-8.5644607544,1.2866419554,3.3862552643
2.1788368225,-0.1794763356,0.2149669528,0.1027150303,-9.0244293213,1.0876598358,3.5323524475
2.1888449192,-0.1221195087,0.3565989137,0.1573221236,-9.112402916,0.7960187197,3.755282402
2.1988158226,-0.072161518,0.4577732682,0.1939087063,-8.8323469162,0.5109444261,4.0374045372
2.2088320255,-0.0535509214,0.4844860435,0.222293511,-8.3097791672,0.2094074339,4.3003430367
2.2188229561,-0.0507514104,0.4768503308,0.2316590697,-7.6610388756,-0.1063680872,4.5346045494
2.2288970947,-0.0418173894,0.5008265376,0.2511640489,-7.061144352,-0.4451506734,4.7467355728
2.2388129234,-0.0236221161,0.5507266521,0.247301057,-6.4029531479,-0.7133885622,4.9063129425
2.2488219738,-0.0284901466,0.5787269473,0.245037511,-5.7349777222,-0.9715604186,4.9840126038
2.2588009834,-0.0438265428,0.606601119,0.2362272292,-5.307015419,-1.4592789412,4.9337558746
2.2688241005,-0.0172971096,0.6307806969,0.270336777,-4.4659757614,-1.623759985,5.0617218018
2.2787828445,-0.0817408189,0.5540469885,0.0978179127,-4.0174303055,-1.8942301273,5.0249171257
2.2889180183,-0.1343396455,0.5030953884,0.1047493368,-3.7208673954,-2.1449227333,5.0635199547
2.298787117,-0.1171405539,0.3007745743,0.0029979504,-3.4502594471,-2.2038977146,5.0467152596
2.3087358475,-0.128256008,0.1158668399,-0.1011112183,-3.1090438366,-1.8705588579,4.971010685
2.3187861443,-0.158235237,0.070340097,-0.1737920493,-3.1216862202,-1.8700484037,4.9168324471
2.3287580013,-0.1269247383,0.0918186009,-0.1241540164,-2.8984239101,-1.8708769083,4.8678116798
2.3387899399,-0.0651113912,0.0686544776,-0.0826032013,-2.4841015339,-1.7938779593,4.6226739883
2.3488240242,-0.0484553948,0.2141127586,0.0291424543,-2.0880920887,-1.8344142437,4.398496151
2.3587589264,-0.0534973368,0.2667721212,0.0878321677,-1.6077519655,-1.9130078554,4.2722449303
2.3687300682,-0.1050584987,0.0048583169,-0.0313653797,-1.0036536455,-1.9434297085,4.0425438881
2.3787498474,-0.1983483285,-0.2333024144,-0.1167779416,-0.6461117864,-1.8391340971,3.7908937931
2.3887491226,-0.3082403839,-0.3046324253,-0.1621106714,-0.4717464149,-1.6582063437,3.5420615673
2.3987269402,-0.3460423648,-0.3135488629,-0.1581764072,-0.5018994808,-1.546892643,3.3373823166
2.4087529182,-0.270388186,-0.3538823128,-0.1575926393,-0.4911624193,-1.4716818333,3.1233465672
2.418735981,-0.1896291375,-0.3545681834,-0.1573729962,-0.5957647562,-1.4128911495,2.9679269791
2.4288020134,-0.1491626352,-0.3446231782,-0.1496323794,-0.6820943356,-1.3835718632,2.8498718739
2.4387331009,-0.160393998,-0.4059348106,-0.1713558882,-0.7799517512,-1.3779063225,2.7266688347
2.4487318993,-0.169539839,-0.3903811872,-0.1386762112,-0.8566574454,-1.3485580683,2.603294611
2.458739996,-0.175543949,-0.3345757127,-0.1290071458,-0.7938060164,-1.4132888317,2.4761834145
2.4688019753,-0.1616035849,-0.308354795,-0.1610274166,-0.5911839604,-1.4809690714,2.3776783943
2.4787080288,-0.1935370862,-0.3614548743,-0.204385981,-0.2706786692,-1.5845242739,2.2272679806
2.4887571335,-0.2370762378,-0.3742541969,-0.2035329789,-0.0619001538,-1.5939906836,2.0561385155
2.4986901283,-0.2596102059,-0.3224981427,-0.1785812825,0.1490686834,-1.5962661505,1.8488389254
2.5087640285,-0.2468413711,-0.2903348804,-0.1522680968,0.3203903735,-1.5838046074,1.6510337591
2.5186910629,-0.2361418456,-0.3237249851,-0.164897427,0.5591419935,-1.585945487,1.4341517687
2.5287680626,-0.2596572936,-0.364547044,-0.1629761904,0.6118032932,-1.5509246588,1.2320334911
2.5386838913,-0.2745946646,-0.3670198321,-0.1409213394,0.5617562532,-1.6244924068,1.0487519503
2.548691988,-0.3147024214,-0.5036937594,0.0496603996,0.7362947464,-0.934707582,0.4343444705
2.5586791039,-0.5600830317,-0.3207737505,-0.4504992664,-0.4072202444,-0.1203158647,0.0856469274
2.5687360764,-0.5865882039,-0.8391307592,-0.465847522,-0.3027862608,0.452993989,-0.3367258906
2.578649044,-0.4254509211,-0.8875199556,-0.553139329,-0.4105891585,0.6836293936,-0.2669665217
2.5886788368,-0.2931928635,-0.2171928585,-0.6356628537,-0.1161314324,0.4704888463,-0.3348454535
2.5986869335,-0.1325497478,-0.262488246,-0.5887563229,0.3268506527,0.2099834979,-0.3260273039
2.6087298393,-0.0241926666,-0.2832044959,-0.4569351375,0.4214373529,0.0876884684,-0.2137492448
2.618642807,-0.033788316,-0.192735523,-0.2985074818,0.3350497186,0.0481399931,-0.1358789355
2.6287059784,-0.0005496207,-0.1577976942,-0.1811179966,0.2534733713,0.0821645409,-0.0829230472
2.6386349201,0.0258337501,-0.1249221563,-0.1308025569,0.193008706,0.1661241502,-0.0834215954
2.6486279964,0.0002614495,-0.0438911617,-0.0876250714,0.200865835,0.2631364465,-0.1201774776
2.6586270332,-0.0318678096,0.0074265916,-0.0639306158,0.3029676974,0.3443671167,-0.2132048905
2.6686410904,-0.0639046952,0.0194227714,-0.0375481099,0.5438827872,0.4369934499,-0.3488974571
2.6786329746,-0.083402954,-0.0014060121,-0.0335509032,0.9516917467,0.5069070458,-0.5419285893
2.6886949539,-0.0951073244,0.0077590067,-0.0903766602,1.5659080744,0.5219432116,-0.7145624161
2.698611021,-0.1092888936,-0.0013214331,-0.1620117277,2.2875123024,0.4712725878,-0.9187170267
2.7086880207,-0.1170464233,-0.0272006076,-0.2021818608,2.9954648018,0.3874906301,-1.1077737808
2.7186059952,-0.1204879209,-0.0609498322,-0.2268516272,3.6241869926,0.3330138028,-1.2980279922
2.7286689281,-0.1133418456,-0.0966286659,-0.2136126608,4.1843614578,0.3016284406,-1.4756349325
2.7384779453,-0.0896673575,-0.1559887528,-0.1966334432,4.6291651726,0.2769100666,-1.6447080374
2.7485918999,-0.0656413808,-0.1977258325,-0.1583168358,4.9224710464,0.2466488332,-1.8242607117
2.7584400177,-0.0479607508,-0.2460657358,-0.1165192574,5.0588579178,0.2110245079,-1.988795042
2.7684719563,-0.0347357765,-0.3158721924,-0.076421544,5.1224546432,0.2057064474,-2.1683490276
2.7784090042,-0.0296466183,-0.3638492823,-0.029051289,5.1478762627,0.1806096137,-2.3764326572
2.7886328697,-0.0159283187,-0.3768085241,-0.0004879676,5.1395611763,0.0955900699,-2.5617940426
2.7987570763,0.0010180336,-0.392267704,0.0333545357,5.0610466003,-0.019906437,-2.7479717731
2.8085560799,0.0046472936,-0.4294757843,0.0751544982,4.9366502762,-0.1368460953,-2.93623209
2.8187019825,-0.0069004879,-0.4917932749,0.1158878952,4.7108330727,-0.2618394494,-3.0988693237
2.8285598755,-0.0077465759,-0.5199753642,0.1617039591,4.3954253197,-0.3898029923,-3.2784256935
2.8385491371,-0.0018241245,-0.5219920874,0.1937893182,4.0854411125,-0.5273640752,-3.4600477219
2.8485479355,0.0103282342,-0.5151361227,0.2242382318,3.7627184391,-0.6955352426,-3.5851562023
2.8588690758,0.0166176427,-0.5024017692,0.2488062531,3.3939862251,-0.8658617139,-3.6709113121
2.8685369492,0.0186145324,-0.5080668926,0.2575120628,2.9931173325,-1.0371806622,-3.7183904648
2.8785309792,0.0174247418,-0.5005763769,0.2555355132,2.5997436047,-1.2189598083,-3.7456202507
2.8885378838,0.0013231721,-0.4631132483,0.2328335792,2.2691278458,-1.3672635555,-3.7901105881
2.898608923,-0.0289670136,-0.3864347935,0.1956073195,2.0322506428,-1.491333127,-3.8358881474
2.9085109234,-0.0419367626,-0.3066740036,0.1842841655,1.9222307205,-1.60876441,-3.8446114063
2.9185159206,-0.0401908085,-0.234372139,0.1875440627,1.8526762724,-1.7099472284,-3.8651561737
2.92852211,-0.0374633297,-0.1724063754,0.1957897693,1.895262599,-1.8125216961,-3.899579525
2.9385750294,-0.0363897607,-0.1167952418,0.1890136749,1.9364922047,-1.8934326172,-3.8990828991
2.9485011101,-0.0438001081,-0.0557504892,0.1736512333,2.0566980839,-1.9737039804,-3.8954591751
2.9584951401,-0.0503599867,-0.0551316738,0.1946993619,2.1792078018,-2.0941386223,-3.8405804634
2.9684820175,-0.0538479313,-0.0467305779,0.1987621337,2.2409143448,-2.2276937962,-3.7653901577
2.9786028862,-0.0821778402,-0.0668982863,0.183436349,2.2073848248,-2.339401722,-3.6743404865
2.9888348579,-0.1182321534,-0.0635849237,0.1837295443,2.072922945,-2.3844411373,-3.5698401928
3.0000038147,-0.1578054577,-0.094350338,0.1800986677,2.0636677742,-2.446087122,-3.5205628872
3.0343279839,-0.1887603551,-0.0811015964,0.1456130296,2.017336607,-2.5495464802,-3.4529290199
3.0344729424,-0.2132130414,-0.0047649723,0.1309143454,2.0346577168,-2.6096553802,-3.3728706837
3.0345029831,-0.2390916497,0.0436677337,0.0850182921,2.0815663338,-2.6258757114,-3.3122417927
3.0385229588,-0.2481803447,0.0403988957,0.0769609958,2.2163083553,-2.6830062866,-3.2407865524
3.048470974,-0.2412960678,0.0430816412,0.0525811464,2.3390305042,-2.7185840607,-3.1375894547
3.0585670471,-0.2334450632,0.1074565053,0.0174264461,2.427426815,-2.7445716858,-3.0068087578
3.0682220459,-0.2231995016,0.1501242518,0.0364085585,2.5617232323,-2.7733473778,-2.8686051369
3.0787029266,-0.2142611891,0.1756768227,0.0419621021,2.6266775131,-2.8027598858,-2.7420349121
3.0935521126,-0.2175293714,0.1718050241,0.0999058634,2.7106759548,-2.82635355,-2.577270031
3.0983548164,-0.2476317436,0.1201866269,0.0628142506,2.6408929825,-2.8373408318,-2.424166441
3.1084890366,-0.2953473628,0.0810576677,0.0821300298,2.626155138,-2.7829072475,-2.2948973179
3.1183099747,-0.3258091509,0.012167098,0.0393944532,2.6390354633,-2.7090852261,-2.173210144
3.1282119751,-0.3343982399,0.0425194502,-0.0488009304,2.6647276878,-2.6330809593,-2.0579202175
3.1381819248,-0.3141621649,0.116209209,-0.0961565226,2.710406065,-2.5404634476,-1.8928195238
3.148113966,-0.2837912738,0.1308397651,-0.1016450375,2.7929217815,-2.508600235,-1.7411618233
3.1581809521,-0.261921376,0.1115242243,-0.0846667737,2.83715868,-2.4951994419,-1.5893594027
3.1681871414,-0.2652459443,0.0705819726,-0.0678822845,2.8846697807,-2.474640131,-1.4779748917
3.1781420708,-0.2981655896,0.0555135012,-0.0640781969,2.803678751,-2.4090194702,-1.3551049232
3.1881628036,-0.3489293754,0.050822258,-0.0611966699,2.6558439732,-2.2668778896,-1.2231245041
3.1982150078,-0.397707969,-0.0090562087,-0.0877295583,2.576441288,-2.1109232903,-1.1624609232
3.2082238197,-0.4250354469,-0.0478716493,-0.0978268236,2.4339804649,-1.9604715109,-1.063472271
3.2181921005,-0.4229552448,-0.0507990122,-0.110950157,2.2927875519,-1.8293584585,-0.977107048
3.2281999588,-0.436116308,-0.0816978812,-0.0924919099,2.1048233509,-1.7189855576,-0.899074614
3.2382409573,-0.4538449347,-0.1018733978,-0.1092834324,1.9904415607,-1.5817226171,-0.8680135012
3.2484908104,-0.4668150246,-0.109238565,-0.1255110949,1.8822811842,-1.4324284792,-0.8104745746
3.258357048,-0.4458041489,-0.0807200074,-0.1264343709,1.7634021044,-1.2851910591,-0.7337918878
3.2683439255,-0.4166971147,-0.0936248302,-0.0862362832,1.6116552353,-1.1638864279,-0.6601051688
3.2783870697,-0.3920742571,-0.1063432693,-0.0704412311,1.4375189543,-1.0480521917,-0.5810559988
3.2883701324,-0.3798843324,-0.1024208069,-0.0731538385,1.2486203909,-0.9505848289,-0.5114383101
3.2984161377,-0.3666189015,-0.0766369104,-0.0637548417,1.0243868828,-0.8510081768,-0.4131249487
3.3083310127,-0.3458141983,-0.0768606663,-0.070144698,0.7703769803,-0.7655467987,-0.3136369586
3.3183059692,-0.3236258328,-0.0989985466,-0.0383490771,0.4800658822,-0.6803402901,-0.2109341472
3.3283600807,-0.2991336286,-0.1034513712,-0.0252544135,0.2121415138,-0.5791998506,-0.1402226985
3.3383460045,-0.2736813128,-0.0853706598,-0.0138448915,0.0918277502,-0.5007380247,-0.1055894792
3.3484070301,-0.2551055849,-0.0429115891,-0.0204846114,0.1179701388,-0.4395055473,-0.0932561159
3.3583419323,-0.236734882,0.0492966175,-0.0722986311,0.2004096359,-0.3426064551,-0.0854416043
3.3683328629,-0.2172267586,0.0859938264,-0.1282712072,0.3222308755,-0.2200123668,-0.1086318791
3.3783288002,-0.1830990463,0.065479517,-0.1540583223,0.4240089059,-0.1337504536,-0.1124487221
3.3884510994,-0.1413622648,0.0207408685,-0.1581997722,0.470438987,-0.0608767718,-0.1320767403
3.3983819485,-0.1093505844,-0.0376827717,-0.1629693955,0.4399251342,0.0043211393,-0.1048567072
3.4083390236,-0.1145279631,-0.0651548505,-0.1830699295,0.3431224227,0.0849824324,-0.0840643495
3.4182989597,-0.1461646706,-0.071380496,-0.2104365677,0.2149976194,0.2019212991,-0.0422371402
3.4282541275,-0.1741601974,-0.0423401594,-0.2382463664,0.0770850331,0.3391286731,0.0037146399
3.4382779598,-0.1855707914,-0.012872098,-0.2506339252,-0.0201380625,0.4564443827,0.0614529029
3.4482979774,-0.1937315017,-0.0025063138,-0.2573255599,-0.1011503562,0.5430349708,0.1363777518
3.4583039284,-0.2161940485,0.0005157012,-0.2526873648,-0.1662798226,0.6415873766,0.220775187
3.4682908058,-0.2411701232,-0.0036605578,-0.2456495017,-0.2338122576,0.7690598369,0.314548552
3.4782629013,-0.2551901042,-0.0089213829,-0.2117034048,-0.3302226663,0.8996008039,0.41894871
3.4883871078,-0.2716020048,-0.033778429,-0.1467215866,-0.4425382912,1.0077791214,0.5468749404
3.4983239174,-0.2874510586,-0.0228190999,-0.1132368892,-0.6038763523,1.1101453304,0.6642484665
3.5082731247,-0.3055549562,-0.0016087871,-0.1089151353,-0.7844903469,1.2229850292,0.7741315961
3.5182480812,-0.3256991804,-0.0207562428,-0.1013017744,-0.9545055628,1.3444690704,0.8850121498
3.528277874,-0.3393253982,-0.0353486538,-0.1071732491,-1.1201387644,1.4500066042,1.0023688078
3.538228035,-0.3551028073,-0.0404413939,-0.1204076856,-1.314404726,1.5265965462,1.1348047256
3.5482668877,-0.3787863553,-0.0497737527,-0.1407728046,-1.5194876194,1.6264851093,1.2522256374
3.5582230091,-0.3948304355,-0.0750658512,-0.1564512104,-1.7524586916,1.7432471514,1.3684955835
3.56822896,-0.3780104816,-0.0885705352,-0.1491813511,-2.0952756405,1.8317183256,1.525395155
3.5782530308,-0.3462833464,-0.1110566854,-0.1431584209,-2.5979511738,1.877512455,1.7113690376
3.58821702,-0.3248040378,-0.143814683,-0.1401311606,-3.2671897411,1.9179639816,1.9229899645
3.5982129574,-0.3195004165,-0.188077867,-0.1231163591,-3.8782052994,2.0270617008,2.1096892357
3.6082079411,-0.3183759749,-0.210195601,-0.1016643494,-4.4270143509,2.1170370579,2.2539741993
3.6182250977,-0.3025767505,-0.1309081316,-0.0529851168,-4.7486009598,2.2101643085,2.4363267422
3.6282789707,-0.2897634804,-0.0296847802,-0.0570335239,-4.7461061478,2.2475941181,2.561444521
3.6381840706,-0.266605109,0.1204761267,-0.0629707426,-4.6574020386,2.2800707817,2.7789609432
3.6481919289,-0.2367690355,0.2323180437,-0.0680274218,-4.4962315559,2.3155064583,3.0272183418
3.6581919193,-0.2201738507,0.2295691967,-0.0623173565,-4.3227586746,2.2993693352,3.2333066463
3.668202877,-0.2139743716,0.2152763009,-0.032026872,-4.2912278175,2.2946264744,3.4001107216
3.678196907,-0.2086868435,0.2190915942,0.0003307618,-4.3973679543,2.2856216431,3.5681009293
3.6881709099,-0.195136264,0.2042706013,0.0245608836,-4.6568727493,2.2410743237,3.7183680534
3.6981868744,-0.1901983768,0.158196032,0.0452054888,-4.9120631218,2.2121286392,3.8143496513
3.7081840038,-0.1974098831,0.0939689279,0.053872779,-5.1663770676,2.2150633335,3.8878133297
3.7181639671,-0.1851529628,0.0731115341,0.0672578961,-5.4343338013,2.1712677479,4.0083332062
3.7281651497,-0.148703292,0.0747640133,0.0497491509,-5.6968898773,1.9875538349,4.1361322403
3.7381410599,-0.1200896129,0.0760519505,0.0382246524,-5.8683567047,1.7711825371,4.2375216484
3.7481520176,-0.1219311878,0.0497480035,0.0339034349,-5.8160190582,1.6139234304,4.2990608215
3.7581579685,-0.1497214884,-0.0045350771,0.0558818728,-5.6841988564,1.3974196911,4.3598651886
3.7681288719,-0.1496186107,-0.0217155796,0.0855915099,-5.5619511604,1.154610157,4.4782176018
3.7781238556,-0.1389518231,-0.0321523547,0.0930983573,-5.3578772545,0.9886803627,4.514213562
3.7881450653,-0.1448141783,-0.0486408472,0.0903723985,-5.1733059883,0.7651343346,4.453915596
3.7981438637,-0.1126857623,-5.03641e-05,0.1128922254,-5.1958880424,0.3941221535,4.4595212936
3.8081569672,-0.0545128807,0.036929667,0.1247898489,-4.9213819504,0.3675241172,4.4754376411
3.8182079792,-0.1059294268,0.014384212,0.1048963219,-4.8486537933,0.247781992,4.4060459137
3.8282108307,-0.0829588249,0.0209363122,0.1526542455,-4.7187194824,0.029566044,4.393558979
3.8381290436,-0.0218248274,-0.0227197986,0.1347481161,-4.4785532951,-0.2000629008,4.3215756416
3.8481240273,-0.0158616956,-0.0200473052,0.0839554816,-4.0601391792,-0.2905927896,4.2305045128
3.8580739498,-0.0677606687,0.0261357445,0.0389538556,-3.6238622665,-0.339458853,4.1210918427
3.8681159019,-0.1232861504,0.0351839066,-0.0305941552,-2.8458886147,-0.3996188641,4.0062007904
3.8781089783,-0.1680146605,-0.0323141217,-0.1095399112,-1.9970644712,-0.5052558184,3.8830525875
3.8882389069,-0.1676626354,-0.0408354998,-0.1322713345,-1.2238057852,-0.6538807154,3.8016722202
3.8980708122,-0.1496664584,-0.0890862346,-0.1349175423,-0.5773897171,-0.8227741122,3.7152018547
3.9080820084,-0.1231775284,-0.1721391082,-0.1257952899,-0.0593567044,-0.9416906238,3.5891866684
3.9180939198,-0.1277530938,-0.2306307554,-0.0878351182,0.1596885622,-1.0500642061,3.4664978981
3.9280800819,-0.1208280399,-0.2708821893,-0.0337847918,0.0427773893,-1.0679721832,3.3530197144
3.9380559921,-0.120207049,-0.3225975037,0.0357877761,-0.2644579411,-0.8996401429,3.1927866936
3.9480581284,-0.1426611841,-0.3520284593,0.0852402002,-0.6486173272,-0.7202136517,3.0240335464
3.9580430984,-0.1292593032,-0.3448702395,0.0924011022,-0.9466684461,-0.6371635199,2.8813428879
3.9680869579,-0.0947633535,-0.3341210485,0.0565631539,-1.0373647213,-0.5919369459,2.7525634766
3.9780750275,-0.0891951695,-0.3330735266,-0.0108878454,-0.9896149039,-0.6406853199,2.6327939034
3.9880440235,-0.0877490416,-0.3327350914,-0.0775778145,-0.657595098,-0.7257794142,2.5056269169
3.9978489876,-0.1161830947,-0.3512031436,-0.1542166919,-0.2791983783,-0.8640595675,2.3660216331
4.00812006,-0.1459073424,-0.3777776361,-0.2214379758,0.1701304168,-1.0501178503,2.2001190186
4.0180630684,-0.1800029725,-0.4430379868,-0.2407023162,0.4309568107,-1.1533384323,2.0178766251
4.028014183,-0.1973040253,-0.471138984,-0.213302061,0.5654227734,-1.2052261829,1.8279509544
4.0378699303,-0.1841777265,-0.5096981525,-0.1696804613,0.6235578656,-1.1841152906,1.6195465326
4.0480279922,-0.1620921642,-0.5028809309,-0.1185569018,0.6088737249,-1.128439188,1.3939688206
4.0582332611,-0.1479601711,-0.4791376591,-0.0161772221,0.8861063719,-1.0404922962,0.9278767109
4.0680131912,-0.2337632626,-0.4016063213,0.0050553838,0.2457282394,-0.1469030082,0.2606594861
4.0778942108,-0.3487197161,-0.3497271538,-0.2848996222,-0.8213367462,0.6140489578,-0.1567998081
4.0882101059,-0.3439632058,-1.5065439939,-0.4175418913,-1.5127950907,0.9762753248,-0.1692897677
4.0980110168,-0.2195097059,-1.2144451141,-0.4491629899,-1.7078742981,0.9103088379,-0.0826736465
4.1079797745,-0.1205733344,-0.4580834508,-0.4700451195,-0.9249944091,0.4748156667,-0.0963321999
4.1180000305,0.1288920194,-0.1082084477,-0.4644716084,0.0396990404,-0.0145827765,-0.0778931379
4.1279659271,0.2625794709,-0.0724030733,-0.370416671,0.5503780246,-0.2018381506,-0.0642867833
4.1380062103,0.1743300706,-0.216661483,-0.2167755812,0.4921144247,-0.1149008572,-0.09455733
4.1479878426,0.0618064478,-0.269418031,-0.1153149456,0.1895391345,0.0761561766,-0.1019593254
4.1580910683,0.038894482,-0.232493937,-0.0646541566,-0.0701028183,0.2439153641,-0.1230520904
4.1679720879,0.0729038641,-0.12244609,-0.0441751927,-0.1198059246,0.3172686398,-0.1245554462
4.1779747009,0.0933154151,-0.0307348352,-0.0443706959,0.0073352433,0.3064312041,-0.1320104301
4.1880970001,0.0713217184,0.0093923826,-0.0561696738,0.2081554234,0.2992252409,-0.1565389484
4.1981620789,0.0111685926,0.0412335098,-0.0543646663,0.3832465708,0.3098903596,-0.1928519458
4.2079601288,-0.0377943739,0.0644406974,-0.0444617718,0.6487871408,0.3680000007,-0.2624696493
4.2178578377,-0.0632903948,0.0968520045,-0.0543529242,1.0841857195,0.4249591529,-0.370444715
4.2279419899,-0.0708519444,0.1464064717,-0.0810345858,1.6014863253,0.390571624,-0.4853212535
4.2380771637,-0.0752534047,0.1499836147,-0.1151107401,2.1456599236,0.3370740712,-0.6096551418
4.2479391098,-0.0883860067,0.0945578516,-0.1508936137,2.6413486004,0.3387675583,-0.7353744507
4.2579698563,-0.1081709936,0.0388852954,-0.1758112162,3.0205419064,0.3472729027,-0.8334320784
4.2679300308,-0.1005778834,0.0014498252,-0.1795540303,3.2821893692,0.3583527207,-0.8995549083
4.2781910896,-0.0916351303,-0.0608526468,-0.1696863025,3.4819164276,0.3742107749,-0.9762912989
4.2879161835,-0.0884825215,-0.1037964821,-0.1522211283,3.6411552429,0.3791091144,-1.0476144552
4.2979559898,-0.0714705214,-0.1314976811,-0.1299421638,3.7932140827,0.351814121,-1.1272224188
4.3079199791,-0.0501013622,-0.1559669375,-0.109812662,3.9199843407,0.2920884788,-1.2267884016
4.3179011345,-0.046927385,-0.1748182774,-0.080169782,4.0179619789,0.2352076173,-1.342287302
4.32787323,-0.0629661903,-0.2107512355,-0.0634293407,4.1437907219,0.178281486,-1.4886159897
4.3379068375,-0.0761633888,-0.2527788877,-0.0499484986,4.2740802765,0.1052027494,-1.6529033184
4.3478937149,-0.0851491615,-0.2669075131,-0.0124942502,4.4076600075,0.0287804101,-1.8362947702
4.357878685,-0.0942954347,-0.3111487627,0.0149585763,4.4955620766,-0.0768096671,-2.0152187347
4.3679900169,-0.0912473723,-0.3432112336,0.0477668196,4.4648890495,-0.1788849086,-2.1749565601
4.3778538704,-0.0866054222,-0.395127058,0.0741743594,4.3628134727,-0.2870358825,-2.3547871113
4.3880300522,-0.0719547048,-0.4224044085,0.0930366665,4.1497187614,-0.407522887,-2.5025918484
4.3978662491,-0.0598082617,-0.418716073,0.1122414619,3.8361957073,-0.526453197,-2.6280286312
4.4078469276,-0.0419470817,-0.4281806946,0.1461512595,3.3965570927,-0.636517942,-2.7268726826
4.417869091,-0.0262690764,-0.4353017211,0.1750632077,2.9356911182,-0.7481081486,-2.8596875668
4.4278278351,-0.0253142621,-0.4244229794,0.1796739846,2.4617109299,-0.8474962711,-2.92882967
4.4378609657,-0.0260589924,-0.4027588964,0.180622831,2.061123848,-0.9194977283,-2.9865143299
4.4478421211,-0.0290347468,-0.4116824865,0.1850595623,1.7875609398,-1.00098598,-3.0187289715
4.4578237534,-0.031670481,-0.3871977925,0.1985225827,1.6196477413,-1.0742772818,-3.0627560616
4.4678339958,-0.0457516983,-0.3115651608,0.2033715993,1.5529432297,-1.1274547577,-3.0963611603
4.4778518677,-0.0531478152,-0.2351904511,0.1755445153,1.5781896114,-1.1991525888,-3.1299135685
4.4878530502,-0.0382341817,-0.1790502071,0.1566820294,1.6836327314,-1.2862869501,-3.1655435562
4.4978227615,-0.0222510602,-0.1579828858,0.1297055036,1.7872591019,-1.4108685255,-3.2030506134
4.5078287125,-0.0134416735,-0.1260617375,0.1288401634,1.8812772036,-1.5365678072,-3.2384223938
4.5178451538,-0.0221525636,-0.1148768663,0.1220814139,1.9399764538,-1.6539281607,-3.2674529552
4.5278367996,-0.0278644767,-0.1066712141,0.1317036301,1.9203807116,-1.744763732,-3.2477271557
4.537776947,-0.0369112119,-0.1336506605,0.1551568657,1.9031329155,-1.8612370491,-3.2278344631
4.5478291512,-0.0512583479,-0.1472401619,0.1588427573,1.7488796711,-1.9432680607,-3.181511879
4.5577802658,-0.0740688369,-0.152212441,0.1741861254,1.657420516,-1.9845973253,-3.1822431087
4.5677652359,-0.1015692875,-0.1457861662,0.155506745,1.6545442343,-2.0168468952,-3.2011549473
4.5777840614,-0.1253496855,-0.1079729795,0.1530007869,1.6871856451,-2.0893292427,-3.2070808411
4.5878257751,-0.1401701719,-0.0435361266,0.162067011,1.6797522306,-2.1051735878,-3.1782884598
4.5977296829,-0.1521774977,-0.0374094844,0.1748177558,1.7804305553,-2.1460783482,-3.178093195
4.6077880859,-0.1528439671,-0.0368765593,0.1593201309,1.902423501,-2.1877775192,-3.1651592255
4.6177492142,-0.1511469632,0.0205801148,0.1115162522,1.9701017141,-2.2636835575,-3.1041610241
4.6277480125,-0.1464655548,0.0614299178,0.1115118414,2.0249974728,-2.3585784435,-3.0015945435
4.637761116,-0.1506152898,0.0347614884,0.1068293601,2.0456151962,-2.4429621696,-2.8884470463
4.6477718353,-0.1602110416,0.0012797136,0.1132067591,2.0008904934,-2.5011019707,-2.7722382545
4.6577658653,-0.1755529195,-0.0049291831,0.1108935028,1.9955965281,-2.5409939289,-2.6827352047
4.6677489281,-0.1889885217,0.0375537872,0.0792587548,1.9176921844,-2.5813751221,-2.5846788883
4.6777420044,-0.1916752607,0.0962080956,0.0983293802,1.7884854078,-2.6282501221,-2.4493601322
4.6877641678,-0.1926161796,0.0984287858,0.1056363732,1.6954866648,-2.6401176453,-2.3780379295
4.6977682114,-0.2077960521,0.0858387947,0.0770489722,1.6226607561,-2.6463167667,-2.2865791321
4.707695961,-0.2161587626,0.1039208174,0.0393496901,1.6167187691,-2.6102659702,-2.1901311874
4.7176771164,-0.2273658067,0.1146337986,0.001727239,1.6824809313,-2.5898430347,-2.1116948128
4.7277340889,-0.232821539,0.1136640906,0.0197330862,1.7695229053,-2.5763959885,-1.9928548336
4.737760067,-0.242598787,0.0949741602,0.011023418,1.8657733202,-2.5231411457,-1.8519694805
4.7478837967,-0.2532170117,0.0848560333,-0.0298050493,1.9846124649,-2.4701662064,-1.7642174959
4.7615680695,-0.2582502663,0.108250618,-0.0389131159,2.0714554787,-2.4279634953,-1.6572500467
4.7718491554,-0.2722752988,0.1252080202,-0.0751632303,2.0950667858,-2.3531622887,-1.5557619333
4.7778139114,-0.2748185098,0.1157443523,-0.0910559148,2.1283259392,-2.2752590179,-1.4755500555
4.787730217,-0.2748529017,0.0873585939,-0.0916030258,2.1405751705,-2.2297754288,-1.4174220562
4.7975101471,-0.2859696448,0.0911279917,-0.0774944872,2.1128256321,-2.1330780983,-1.3330353498
4.8075342178,-0.3183769882,0.063549161,-0.0703185052,2.0931918621,-1.9724657536,-1.2820060253
4.8175721169,-0.3340525329,0.0375341773,-0.0540069789,2.0641436577,-1.8448482752,-1.2063220739
4.8275089264,-0.3386090696,0.02757168,-0.0704534501,2.0148422718,-1.7226877213,-1.1252757311
4.8379392624,-0.3540306389,0.0234642643,-0.0810429901,1.9774913788,-1.6187597513,-1.0621794462
4.8477611542,-0.3745677769,-0.0082252007,-0.0876808017,1.9154785872,-1.4990439415,-1.0055433512
4.8574438095,-0.3745103776,-0.0044252258,-0.1228675693,1.7764452696,-1.3711175919,-0.9191605449
4.8674898148,-0.3508709371,-0.0067846756,-0.1295732707,1.6653240919,-1.2548972368,-0.8518435955
4.8773989677,-0.3262757957,-0.030354498,-0.0953596085,1.5856778622,-1.197317481,-0.7969213724
4.8874816895,-0.3092429936,-0.0008377414,-0.0854722708,1.4620989561,-1.1333554983,-0.7048217654
4.8975400925,-0.3044186532,0.0242527146,-0.0655950159,1.3375301361,-1.0811043978,-0.605203867
4.9074897766,-0.3074432313,0.0028286595,-0.0627277344,1.1904826164,-1.0194525719,-0.5120105147
4.9174571037,-0.3126860559,-0.0090652686,-0.0622777194,1.0648257732,-0.9546102285,-0.4401007593
4.9274597168,-0.3142257631,-0.0141125899,-0.0481710881,0.9241253734,-0.8781186342,-0.3671935201
4.9374761581,-0.2969716489,-0.0060862284,-0.0513639897,0.797316134,-0.8015604615,-0.2996106148
4.9474549294,-0.2716931999,-0.0133179408,-0.0397739857,0.7574424744,-0.7663625479,-0.2721888423
4.9576201439,-0.2469200641,-0.0120052081,-0.0152907809,0.7591789961,-0.7328850031,-0.2330964357
4.9677000046,-0.2261886746,-0.0033420306,-0.0404807776,0.7832872868,-0.687618494,-0.2110965997
4.9776601791,-0.2102627307,-0.0119695645,-0.052558288,0.8221954107,-0.6240836382,-0.191351518
4.9876728058,-0.176788047,-0.0339071751,-0.0523124188,0.8486185074,-0.5928660631,-0.1894476265
4.9976191521,-0.1421263367,-0.0347625613,-0.0404220074,0.8473893404,-0.5704915524,-0.1970300525
5.0075817108,-0.1265913397,-0.0383589268,-0.031025216,0.7980159521,-0.5314642787,-0.2131845206
5.0176148415,-0.1219309196,-0.0629751682,-0.0174812526,0.6536530256,-0.4848267138,-0.2526918352
5.0275769234,-0.1143849716,-0.0872579813,-0.0406683534,0.4873369932,-0.3823946118,-0.2479279786
5.037571907,-0.103346251,-0.1017019749,-0.1183206886,0.3453636169,-0.2635457218,-0.2209802419
5.0475740433,-0.0943653211,-0.0492281318,-0.1849724501,0.2247525156,-0.1529334635,-0.1759304851
5.0575909615,-0.105897747,0.0014020223,-0.2295315713,0.1114766896,-0.0293574613,-0.1214082539
5.0677790642,-0.1271438748,0.0171004552,-0.2402312607,0.0260097273,0.0974223241,-0.0924237445
5.0776128769,-0.1323631555,0.0287110228,-0.2412781566,-0.0220126603,0.2075373679,-0.0452927165
5.0875658989,-0.133147791,0.0490089655,-0.2431660742,-0.0410571918,0.2944528461,0.011526091
5.0975637436,-0.1561015993,0.0578948259,-0.2429239601,-0.0388735309,0.3923034966,0.0778200254
5.1078290939,-0.1866486818,0.0546494722,-0.2268485278,-0.0388905741,0.4965848923,0.1483240277
5.1178321838,-0.212594822,0.0515146255,-0.2112977356,-0.0475638248,0.6136544943,0.22193712
5.1274609566,-0.2338509709,0.0182809848,-0.173223719,-0.0667822585,0.7208938599,0.280749023
5.1374902725,-0.2509687841,-0.0194234233,-0.1376284808,-0.1491100192,0.8436794877,0.33950302
5.1475687027,-0.2679263055,-0.0500690937,-0.1061702222,-0.2899305224,0.9393085241,0.4005999267
5.1577420235,-0.2724740207,-0.0847901106,-0.0641386956,-0.4635455906,0.9983553886,0.4630187154
5.1675481796,-0.2863028944,-0.0605089068,-0.044625029,-0.6467830539,1.0646898746,0.5115865469
5.1775231361,-0.2986907065,-0.0293190461,-0.0608974546,-0.8069090843,1.1656428576,0.5886016488
5.1876678467,-0.2977881134,-0.0298789721,-0.0776890367,-0.9477181435,1.2528760433,0.6678136587
5.1975598335,-0.2823109925,-0.0510184169,-0.0878338069,-1.0315961838,1.3061426878,0.7227694392
5.2075052261,-0.2719452083,-0.0420117974,-0.1031160802,-1.1271722317,1.3456118107,0.8001348376
5.2174911499,-0.2611159384,-0.0265518408,-0.1072206348,-1.2591509819,1.3903212547,0.8987413049
5.227517128,-0.2649976909,-0.0449303389,-0.1134146899,-1.4604563713,1.4301685095,0.9910514951
5.2375340462,-0.2863159478,-0.0627547503,-0.1219481081,-1.7654954195,1.4854130745,1.1024552584
5.2474050522,-0.3151555955,-0.0777328014,-0.1259461492,-2.1999843121,1.5634380579,1.2456755638
5.2574968338,-0.3372525275,-0.103091836,-0.1195391864,-2.688221693,1.68387115,1.3971579075
5.2674942017,-0.347722441,-0.1321617365,-0.1202335209,-3.2366101742,1.8393368721,1.575014472
5.2774939537,-0.3249329031,-0.1146627665,-0.1168740243,-3.8003401756,2.0333750248,1.7781306505
5.2875089645,-0.2659178674,-0.0766533613,-0.0964525789,-4.2493515015,2.1725904942,1.9655847549
5.2974720001,-0.1915167123,-0.0178672057,-0.0592837185,-4.4651694298,2.243273735,2.1766905785
5.3074512482,-0.1286717206,0.0595657825,-0.0546586961,-4.419503212,2.203451395,2.3532738686
5.317305088,-0.1095074639,0.1852212548,-0.0377470702,-4.3142309189,2.1540734768,2.6084947586
5.3272891045,-0.1394158155,0.2697350383,-0.0057406272,-4.0721073151,2.2250876427,2.8192811012
5.3372898102,-0.1831594259,0.2690447569,-0.0017004453,-3.7788288593,2.3238954544,2.9841685295
5.3474020958,-0.1781805307,0.2882865667,0.0048664967,-3.5192513466,2.3605935574,3.1654160023
5.3576478958,-0.1751198322,0.2988817692,-0.0019293271,-3.3072168827,2.3517198563,3.3108735085
5.3674478531,-0.1905115396,0.2517688274,-0.0023621165,-3.2169783115,2.3547489643,3.458463192
5.3774399757,-0.1975979954,0.1909995675,-0.0126426062,-3.2910244465,2.3405766487,3.6190316677
5.3874349594,-0.1916939169,0.1384022832,-0.0236644596,-3.4948508739,2.2897293568,3.7321171761
5.397436142,-0.1847641617,0.0953786969,-0.0152924499,-3.6825201511,2.249080658,3.7728812695
5.4074158669,-0.1719173342,0.0465201735,0.000341431,-3.8647897243,2.1894865036,3.8435127735
5.4174289703,-0.1339465529,0.0234942455,0.0236774236,-4.0541906357,2.0661988258,3.9719319344
5.427385807,-0.0975225791,-0.0197619777,0.0515155345,-4.1301355362,1.9115988016,4.0856013298
5.4376602173,-0.0850828215,-0.0713198185,0.0872951299,-3.9879872799,1.7420941591,4.1333446503
5.447409153,-0.0913546905,-0.0637763143,0.1292712241,-3.8019132614,1.5599550009,4.1641426086
5.4573941231,-0.0976684317,0.0519208312,0.1598614007,-3.6534664631,1.4054193497,4.2075381279
5.4673662186,-0.1224535331,0.1251802444,0.1598341018,-3.475331068,1.2882335186,4.2166728973
5.4773721695,-0.1508848518,0.092769444,0.1371794492,-3.3218352795,1.20350945,4.1693067551
5.4873719215,-0.1644238979,0.0540040731,0.1142030507,-3.2402303219,1.1631360054,4.1238288879
5.4973812103,-0.1661781222,0.0214420576,0.0920532495,-3.2186207771,1.1573878527,4.0569200516
5.5073690414,-0.1503937095,0.0155138392,0.0946239978,-3.2609930038,1.1164731979,4.0604019165
5.517370224,-0.1046356484,-0.0319160819,0.1088820249,-3.2454888821,1.0272796154,4.1151504517
5.5273761749,-0.076700218,-0.1706076264,0.1180935055,-3.1231970787,0.8293207884,4.103600502
5.5373868942,-0.064930819,-0.2495220304,0.1299778968,-3.2041985989,0.5487945676,4.1203508377
5.5473508835,-0.0625507161,-0.2341587543,0.1460134536,-3.1914057732,0.4049604535,4.1627078056
5.5573387146,-0.1239851192,-0.2787187099,0.0848340541,-3.1359820366,0.3578341901,3.9759931564
5.5678892136,-0.1874606162,-0.2186004519,0.085323289,-3.1677968502,0.2548992932,3.8417592049
5.5801401138,-0.1764792502,-0.1899452209,0.0685058385,-3.1098861694,0.1493523717,3.6957929134
5.5879878998,-0.1554237753,-0.2169367075,0.0529627353,-2.9940540791,0.0194620099,3.5255093575
5.5979557037,-0.1327364445,-0.249977529,0.0544462949,-2.7632038593,-0.0889837742,3.3847568035
5.6079478264,-0.1374500841,-0.2864267826,0.0357977897,-2.4702422619,-0.2236262709,3.2483768463
5.6175727844,-0.1486855,-0.3107510209,0.0115688602,-2.1022782326,-0.2719789147,3.1347541809
5.6272411346,-0.1589562148,-0.3019096851,-0.0065660318,-1.7967908382,-0.3733646572,3.0013370514
5.6370620728,-0.1446866989,-0.2874096632,-0.0207831711,-1.4638223648,-0.4434968531,2.8740766048
5.6470031738,-0.1419314444,-0.3239399195,-0.0613371581,-1.241763711,-0.512658596,2.7096993923
5.6570849419,-0.1442427933,-0.323443532,-0.0710390061,-1.1342161894,-0.553686738,2.5632765293
5.6670837402,-0.1511927992,-0.3606330752,-0.0980219692,-1.0091965199,-0.5081056356,2.4056596756
5.6770572662,-0.1734486073,-0.4111158848,-0.1013387889,-0.9279630184,-0.4554823935,2.2363419533
5.6871128082,-0.1638651639,-0.3815774918,-0.0778395385,-0.8789755106,-0.3857890666,2.0924329758
5.6970639229,-0.1332357526,-0.3573686481,-0.0603657216,-0.8127676249,-0.332021445,1.9454280138
5.7071471214,-0.0862345323,-0.3286032081,-0.0490627736,-0.7397925258,-0.3272573054,1.8114849329
5.7171478271,-0.0536592826,-0.3322159648,-0.0734405965,-0.6219292283,-0.3379818499,1.7009853125
5.7271089554,-0.065735437,-0.3766304255,-0.1074484438,-0.5393589735,-0.3383421898,1.584066987
5.7371039391,-0.0800658688,-0.3745598495,-0.1146460027,-0.4891518652,-0.304594636,1.4850094318
5.7471289635,-0.0776921436,-0.3716851175,-0.1200716943,-0.4025578797,-0.2770897746,1.3732196093
5.7571139336,-0.0609933361,-0.3616217077,-0.1114902943,-0.1011929661,-0.2589690685,1.2199088335
5.7670841217,-0.0719370171,-0.3413434923,-0.0329694003,0.4410282373,-0.0790501833,0.7700343132
5.7772789001,-0.0982358977,-0.1778616607,-0.1289687008,0.5467301607,0.2277528942,0.3037041426
5.7874011993,-0.1119793877,-0.5521572828,-0.2854149044,0.4923808873,0.338996321,-0.0125094708
5.7973222733,-0.1071891561,-1.060192585,-0.3107769787,0.1692285389,0.4483952522,-0.0512402207
5.8072400093,-0.1659498066,-0.8629039526,-0.3149973452,0.238580972,0.3196710944,-0.0430171788
5.8172340393,-0.0848588124,-0.4346636534,-0.3319142759,0.6708160639,-0.0407792255,-0.0877249911
5.8272509575,0.1027124748,-0.2281613052,-0.2943815291,0.7859780192,-0.2877943516,-0.0798292533
5.8372550011,0.1463098377,-0.3883186877,-0.1861385554,0.331350863,-0.1716078222,-0.0813310146
5.847234726,0.0211344305,-0.5674501061,-0.0963361114,-0.3640596271,0.1437426805,-0.0722664148
5.8572120667,-0.0615525767,-0.4488432407,-0.0452238768,-0.793700695,0.3412584364,-0.083869271
5.86723423,0.0079205418,-0.1951781213,-0.0217065662,-0.77679497,0.3648481667,-0.0904083997
5.8772268295,0.1075221077,-0.0046809297,0.0163185745,-0.5507869124,0.265183121,-0.0761109516
5.8873491287,0.1375552118,0.0963605642,0.0616891533,-0.393176496,0.1652117521,-0.0352018662
5.8972201347,0.1037573293,0.1110656261,0.0778035074,-0.2319107652,0.1474042684,-0.0128852427
5.9071998596,0.0384100899,0.0887869895,0.0617200881,-0.0545839146,0.1285413653,-0.0043876283
5.9172129631,0.0293606166,0.12618801,0.0448871404,0.2029545456,0.0921098441,0.0020437725
5.9272251129,0.0308874492,0.1317273378,0.005435721,0.427500844,0.0488936678,-0.005269534
5.9371800423,0.0121357823,0.1020050943,0.0079789916,0.6335552335,0.0524545833,-0.0256230086
5.9472279549,-0.0282953437,0.0497502983,-0.0062172259,0.9107742906,0.1150023788,-0.0867785066
5.9571938515,-0.0602903739,0.0600261986,-0.0465885848,1.3259885311,0.1485464871,-0.1648408175
5.9671678543,-0.0748986974,0.0793022811,-0.0863588303,1.8080146313,0.1035614386,-0.2371283323
5.9771642685,-0.0697751269,0.070607245,-0.1090252846,2.273052454,0.0456608571,-0.3040062785
5.9871606827,-0.0790951774,0.0283401031,-0.1158774942,2.6857025623,0.0032638644,-0.385823667
5.9971580505,-0.0937717035,-0.0254949909,-0.1057643741,3.0106904507,-0.0206326805,-0.4751383662
6.0071792603,-0.1000336483,-0.0764873624,-0.086233899,3.2513256073,-0.0377855673,-0.5739975572
6.0171599388,-0.1021431908,-0.1302053928,-0.0657389611,3.3990211487,-0.0397704244,-0.6898885965
6.0271377563,-0.0993223712,-0.1795532703,-0.0507913083,3.4987587929,-0.0475521758,-0.8152699471
6.0371589661,-0.0966351852,-0.2244442105,-0.0364623517,3.5569500923,-0.0610988811,-0.9522713423
6.0471711159,-0.0922107026,-0.2476825118,-0.0204494447,3.5884964466,-0.0760024637,-1.0988067389
6.0571489334,-0.0900581405,-0.2673870921,-0.0097182235,3.6575553417,-0.1014755964,-1.2654856443
6.0671167374,-0.0863555446,-0.2843793035,-0.0006056272,3.7544491291,-0.1363624781,-1.4331848621
6.0771551132,-0.0822197869,-0.3103851676,0.014125661,3.8940603733,-0.1699308157,-1.6104846001
6.0872402191,-0.07758338,-0.34231776,0.0261189491,4.0241789818,-0.2226939052,-1.7738416195
6.0971651077,-0.0678142682,-0.3485070467,0.0400077254,4.0988192558,-0.2843202353,-1.9232902527
6.107126236,-0.0476921573,-0.3529179692,0.053533271,4.1074528694,-0.3720064163,-2.0608384609
6.117123127,-0.02602656,-0.3628484607,0.0669016391,4.0530686378,-0.4548432529,-2.1994376183
6.1271362305,-0.0143727725,-0.3809469342,0.0835555345,3.8930869102,-0.5564683676,-2.3144674301
6.1371221542,-0.0068773017,-0.4015604854,0.1030694395,3.6785669327,-0.647792697,-2.4252755642
6.1470799446,-0.0036052081,-0.4073719978,0.1244148761,3.3424217701,-0.7517129779,-2.5242316723
6.1573190689,0.0018519175,-0.3973708749,0.1592026502,2.9441018105,-0.8250911236,-2.6201558113
6.1670942307,-0.0080040982,-0.4176318049,0.1959077269,2.5573613644,-0.8728564978,-2.7311270237
6.1770849228,-0.0229823794,-0.4151911139,0.2058544308,2.1693041325,-0.9042916298,-2.8060820103
6.1869916916,-0.0331397578,-0.3886470199,0.1966856271,1.870644927,-0.909247756,-2.8653352261
6.1970629692,-0.0278276857,-0.3791710138,0.1816622168,1.746194005,-0.9374932647,-2.9309334755
6.2070837021,-0.0269200336,-0.3495643139,0.1725394875,1.7749021053,-1.0234377384,-3.0079507828
6.2170910835,-0.0407234803,-0.2771769166,0.1418948919,1.9327411652,-1.101000905,-3.0967991352
6.2270750999,-0.0514762625,-0.1735469699,0.0974417478,2.0491471291,-1.214951992,-3.1535105705
6.2370157242,-0.0359069034,-0.1260102987,0.1071692854,2.1705479622,-1.2829995155,-3.2211458683
6.2468557358,-0.0278756823,-0.1687120199,0.1208263785,2.317193985,-1.4227401018,-3.3212692738
6.2570700645,-0.0329706445,-0.1914266348,0.1212792546,2.3862695694,-1.5204148293,-3.3068742752
6.2669558525,-0.0441514775,-0.1774945259,0.1097466499,2.4710671902,-1.5691051483,-3.3278656006
6.2770609856,-0.0533062443,-0.1802127361,0.1402419358,2.4472970963,-1.6654515266,-3.3240377903
6.2869091034,-0.0470653698,-0.1854239106,0.1800542623,2.2898509502,-1.7391656637,-3.3022019863
6.2970438004,-0.0636615977,-0.224622488,0.1982272416,2.0427277088,-1.8020254374,-3.3037424088
6.3070402145,-0.0860784575,-0.2556453347,0.2067499906,1.8126193285,-1.8509955406,-3.3223869801
6.3170061111,-0.1096485183,-0.1681231856,0.1578811556,1.5267484188,-1.8746236563,-3.3273482323
6.326982975,-0.1342782229,-0.0915195942,0.151394859,1.4116481543,-1.9042170048,-3.309015274
6.3370332718,-0.1441799849,-0.0832036138,0.1309301406,1.4344853163,-1.9553425312,-3.3086998463
6.3470249176,-0.1567454785,-0.0309204441,0.1100098044,1.4788093567,-2.0380387306,-3.2699484825
6.3569917679,-0.1680233628,0.0220361967,0.1022350937,1.5154079199,-2.1159462929,-3.1642925739
6.3669452667,-0.1819491535,0.0509811044,0.0868783742,1.5580155849,-2.1300258636,-3.0994250774
6.3770051003,-0.2037426382,0.0540187359,0.0894538313,1.6457432508,-2.1664757729,-3.0663146973
6.3871107101,-0.2118390352,0.0695714355,0.0933654457,1.7332155704,-2.2033040524,-2.9524610043
6.3970012665,-0.2122459561,0.09003824,0.052519694,1.7597355843,-2.2277653217,-2.8375844955
6.4069600105,-0.2213674337,0.0998300314,0.054806903,1.7809964418,-2.2639734745,-2.7162520885
6.4172720909,-0.229558602,0.0716744661,0.0247970372,1.7720911503,-2.268311739,-2.590857029
6.4269938469,-0.2425101548,0.0770834684,0.0084442059,1.6832593679,-2.2882435322,-2.4663658142
6.4370098114,-0.238436833,0.099789083,-0.0066293916,1.584728241,-2.2933650017,-2.3504605293
6.4470820427,-0.243879512,0.102224052,-0.0124677857,1.5319787264,-2.2884171009,-2.2240312099
6.4569807053,-0.2604955733,0.1069992781,-0.0510712713,1.5302363634,-2.2531979084,-2.1042108536
6.4669661522,-0.2771033943,0.1252156496,-0.06508784,1.5519863367,-2.2199122906,-1.9812043905
6.4769611359,-0.2814018428,0.1534075141,-0.0947759598,1.5575076342,-2.1725840569,-1.8253400326
6.4873638153,-0.2778384387,0.1843249798,-0.1252939552,1.5585856438,-2.0955562592,-1.6930413246
6.4969229698,-0.2721492946,0.198523283,-0.1509733051,1.5406359434,-2.0338020325,-1.5797533989
6.5069532394,-0.2577548921,0.212711513,-0.1619251221,1.4904154539,-1.9465463161,-1.4549219608
6.516933918,-0.2594174445,0.1792227626,-0.1571516842,1.4317730665,-1.8659391403,-1.3502280712
6.5271458626,-0.2770009935,0.1070433259,-0.1300732344,1.4167382717,-1.7626247406,-1.2542098761
6.5369367599,-0.2959251702,0.084141016,-0.1584047526,1.3460313082,-1.6457077265,-1.1423065662
6.5469679832,-0.3037757576,0.097479701,-0.1588237733,1.2912282944,-1.5200201273,-1.0187835693
6.5569000244,-0.2937336862,0.1034272313,-0.1848976463,1.2375831604,-1.3935159445,-0.9260770082
6.5671138763,-0.2653923333,0.1213955283,-0.1870864481,1.1884012222,-1.2842162848,-0.8491969109
6.5768899918,-0.2339096814,0.1265523434,-0.1328367442,1.1653270721,-1.2314229012,-0.7783392668
6.5869269371,-0.2260301262,0.1057164669,-0.0944426507,1.1025300026,-1.1605598927,-0.6842021346
6.5969352722,-0.2292921096,0.098821044,-0.1214089245,0.973379612,-1.0636101961,-0.6050648093
6.6070609093,-0.2261582166,0.0739943981,-0.1171517223,0.8358643055,-0.9891406894,-0.5215227604
6.6168708801,-0.2197583467,0.0360687971,-0.0900876373,0.7103463411,-0.9361643195,-0.4622842073
6.6268749237,-0.2160782367,0.0276176948,-0.0844145864,0.5760391355,-0.8533195257,-0.4021713436
6.6368889809,-0.1988051087,0.0372552276,-0.077364549,0.5339043736,-0.7989838719,-0.3844329715
6.6468877792,-0.1863469034,0.038187325,-0.0366147608,0.4887257218,-0.7701852322,-0.3505916595
6.6568799019,-0.1755746752,0.06929636,-0.0567254871,0.4497668445,-0.7136636376,-0.3296807706
6.6668400764,-0.1538193971,0.0673348904,-0.0778201669,0.4484621584,-0.6848162413,-0.3298669159
6.6768722534,-0.1340499073,0.0647792816,-0.0838136524,0.4451380074,-0.679294467,-0.3065296412
6.686879158,-0.1278041154,0.0631037951,-0.0847645253,0.4404900074,-0.6427825689,-0.2823281586
6.6968541145,-0.127144292,0.0421054363,-0.0828763098,0.4209623635,-0.6180553436,-0.247414127
6.7068219185,-0.1244326457,0.0407572985,-0.1006620973,0.367210716,-0.5819141269,-0.2221135646
6.7168450356,-0.1304937154,0.0436296463,-0.1141681522,0.317643702,-0.5319241285,-0.2064690888
6.7268247604,-0.1365718991,0.0452816486,-0.121379599,0.167283237,-0.4292233586,-0.1847198606
6.7368307114,-0.1630852371,0.0174848456,-0.1152084321,0.0141790342,-0.2548814118,-0.1570582688
6.746805191,-0.1747500449,-0.009322105,-0.1625984162,-0.0859864503,-0.043444518,-0.0893039852
6.7568387985,-0.1489799172,0.0653931499,-0.2284447998,-0.1005364954,0.1408773959,-0.0203724522
6.766834259,-0.1310686618,0.1336323023,-0.2690332234,-0.0624335855,0.2859951854,0.041340977
6.7768087387,-0.1323037893,0.14668715,-0.2863691151,-0.0133462008,0.40319556,0.0787951425
6.7867999077,-0.1354423314,0.1299557686,-0.2724053562,0.0349608809,0.4893088639,0.1058251634
6.7968091965,-0.1239620075,0.0965225101,-0.2193566412,0.0362671614,0.5782895684,0.1360578984
6.8068037033,-0.1075554118,0.0669820905,-0.1713844985,-0.018921528,0.6498988271,0.1855644733
6.8168168068,-0.0859706625,0.0464556813,-0.1489806622,-0.096438691,0.7116943002,0.2319604605
6.8267726898,-0.0806550607,0.0211211462,-0.1343122572,-0.2120680809,0.7336805463,0.2828934193
6.8367757797,-0.0896166191,-0.0046497565,-0.1046289653,-0.399148494,0.7350746989,0.3648170233
6.8467760086,-0.1186718568,-0.0071893316,-0.0983095616,-0.6141062975,0.7574977279,0.4317523837
6.8567848206,-0.1599046737,-0.0135017615,-0.105842337,-0.8123301864,0.8165104389,0.5133151412
6.8667621613,-0.1988734156,0.0050624628,-0.1197580546,-0.9797071815,0.8823165894,0.6107453108
6.8767528534,-0.2374388129,0.0390826464,-0.1326575726,-1.10968256,0.9430681467,0.7071152329
6.8868889809,-0.2743630111,0.0579260588,-0.1468852013,-1.2377949953,1.0275563002,0.8288317919
6.8967628479,-0.2968409956,0.0640361309,-0.1637455672,-1.3692020178,1.1216756105,0.9558041692
6.9067759514,-0.2960101068,0.0565113425,-0.1839840859,-1.5594292879,1.2187722921,1.1082917452
6.916738987,-0.2747381628,0.0473845005,-0.1926663965,-1.8423498869,1.2885621786,1.2758932114
6.9267678261,-0.2476449758,0.0262520332,-0.1836582273,-2.2537710667,1.4044549465,1.4517859221
6.9367628098,-0.2293088585,-0.000329433,-0.1817028373,-2.6983938217,1.5444381237,1.5999230146
6.9467458725,-0.1956985742,-0.0019585472,-0.1636718363,-3.2251365185,1.6564142704,1.7971695662
6.9567241669,-0.1513026506,0.0332842469,-0.1272188872,-3.7933380604,1.7362525463,2.0233368874
6.9667329788,-0.1328998357,0.0498159528,-0.0760811418,-4.3987674713,1.796635747,2.2581567764
6.9767341614,-0.1357855946,0.0719309449,-0.0119436821,-4.7544951439,1.887367487,2.4416124821
6.9868340492,-0.1585570723,0.1205880046,-0.0013763749,-4.6003580093,1.9414663315,2.5038352013
6.9967479706,-0.1687572747,0.3088521957,-0.0236975998,-4.3680400848,1.896140933,2.7430055141
7.0067157745,-0.1722480804,0.4883849621,-0.0117747029,-3.8951694965,1.9203381538,3.0198025703
7.0167398453,-0.215558961,0.4886020422,-0.0356312245,-3.4130160809,2.0155193806,3.2143273354
7.0267238617,-0.2251181155,0.4367528558,-0.0499781221,-3.0985872746,2.132787466,3.3939540386
7.036757946,-0.1860135347,0.357036531,-0.0549565405,-3.0045194626,2.1903347969,3.5390634537
7.0466871262,-0.1262579113,0.2419245839,-0.0539768189,-3.1369271278,2.1402943134,3.6818406582
7.05671978,-0.0758073553,0.1345944405,-0.046059832,-3.4534761906,2.0341377258,3.8038637638
7.066619873,-0.0496106967,0.0468184948,-0.0243441314,-3.8572535515,1.9045637846,3.8910396099
7.0766868591,-0.0430682525,0.0007988829,0.0367946774,-4.1915884018,1.7774559259,3.9537158012
7.0867948532,-0.0531717166,0.0074425954,0.0952023417,-4.4468975067,1.6623616219,3.9748258591
7.0966610909,-0.0597165152,0.09140414,0.1480791718,-4.5444779396,1.5815497637,3.9871032238
7.1066880226,-0.0608274862,0.1495028734,0.145328477,-4.4292845726,1.4637863636,3.9856617451
7.1166639328,-0.0514613315,0.1712106466,0.142432943,-4.1602392197,1.3238215446,3.9980657101
7.1266498566,-0.0366885588,0.1596203446,0.1288550645,-3.9314186573,1.1366508007,4.0267419815
7.1366810799,-0.0191871133,0.146892786,0.1208520681,-3.8104290962,0.9497566223,4.0608053207
7.1466836929,-0.0113972938,0.0787585974,0.1181523353,-3.7833948135,0.7768391371,4.0640325546
7.1566667557,-0.0172578897,-0.0433062911,0.12905927,-3.804359436,0.6128723621,4.0321750641
7.1666412354,-0.0359658524,-0.1577466726,0.1282755882,-4.0164318085,0.4517273903,4.0036211014
7.1767759323,-0.0407820866,-0.1753723025,0.1469444782,-4.3391594887,0.3658457994,4.0022792816
7.1866660118,-0.0457712337,-0.2191284299,0.1700911075,-4.7002711296,0.1784572452,3.9145057201
7.1966562271,-0.0026865217,-0.218663156,0.2091090232,-4.6446557045,0.181732133,3.8719494343
7.206638813,-0.033112891,-0.2045166492,0.1063869148,-4.4575281143,0.0812052712,3.6961135864
7.2165517807,-0.0261700805,-0.0881921649,0.1099103242,-4.2055821419,-0.1724829227,3.6752743721
7.226624012,0.0337947085,-0.1234191656,0.0587018281,-3.700044632,-0.4655734003,3.5663332939
7.2366299629,0.0312964246,-0.2028400302,0.0108468095,-3.0872080326,-0.6791170835,3.4132442474
7.246614933,-0.016340306,-0.1927085519,-0.0030434572,-2.5494906902,-0.841992557,3.2535040379
7.256608963,-0.0518887863,-0.1595429182,0.0020951189,-2.1444876194,-0.961037457,3.0893204212
7.2666368484,-0.0546760112,-0.1567065716,0.0168427974,-1.8416298628,-0.9952638745,2.9374089241
7.2766189575,-0.0596381575,-0.2268873453,0.0093192616,-1.5463979244,-0.9998629093,2.7576901913
7.2866148949,-0.0794037655,-0.3104857206,-0.0207657665,-1.3567624092,-1.0295301676,2.6164522171
7.2966198921,-0.0862321407,-0.3204022646,-0.0178909749,-1.2844293118,-0.9613898396,2.5192799568
7.3066082001,-0.1119199544,-0.3411095142,-0.0325203389,-1.2066268921,-0.8945982456,2.3849313259
7.3164620399,-0.1079153791,-0.3069239855,-0.0272182673,-1.1021965742,-0.8337250948,2.284599781
7.3267188072,-0.0934687555,-0.2956891656,-0.0562994331,-0.8222616911,-0.8092814684,2.1397604942
7.3365631104,-0.0841160491,-0.2493273616,-0.0714636296,-0.6008943915,-0.8138914108,2.0248963833
7.3465828896,-0.0735909566,-0.1935140789,-0.0507145375,-0.4368415475,-0.8595342636,1.9135266542
7.3566479683,-0.0559451208,-0.2401865423,-0.0528934449,-0.185536474,-0.8797306418,1.8242419958
7.3665060997,-0.0814677253,-0.3579840362,-0.1095179766,0.0861363113,-0.8968613744,1.699863553
7.3765058517,-0.1300783455,-0.3618939221,-0.112279281,0.2017890215,-0.9021759629,1.5988912582
7.3866901398,-0.1493692696,-0.3366060555,-0.0811658949,0.2128549814,-0.9093931317,1.4948159456
7.3970327377,-0.1302861571,-0.3608378768,-0.0582694262,0.2133284956,-0.9189965129,1.3716421127
7.406566143,-0.1141073629,-0.3972478509,-0.0442064255,0.0919874161,-0.9145575762,1.2505854368
7.4165649414,-0.1136050746,-0.3969317079,-0.0317557305,-0.0361629687,-0.8651887178,1.1398649216
7.4265222549,-0.1385571659,-0.4791736007,-0.045320496,-0.0203890651,-0.8630619049,0.8742423654
7.4365468025,-0.2104546875,-0.4478570521,-0.0183255523,0.0594339967,-0.2688675225,0.4166930318
7.4465532303,-0.3583655357,-0.3526445329,-0.2556962073,0.0233966336,0.2698236704,-0.0521024205
7.4565372467,-0.321911484,-0.6784108877,-0.4723864496,-0.085431315,0.5714501143,-0.1793455929
7.4665060043,-0.2243176699,-0.7857037783,-0.5198276639,-0.1153769568,0.5828753114,-0.1910850704
7.4765262604,-0.17068021,-0.5309438705,-0.4615193307,0.1148101687,0.3771535754,-0.2079716325
7.4865312576,-0.0322977975,-0.3185184002,-0.3850241005,0.4906088412,0.1034149677,-0.1862735301
7.4965028763,0.1050508246,-0.2479493916,-0.2697348893,0.664516747,-0.036921639,-0.1313053519
7.506483078,0.1330093145,-0.2093013823,-0.1251702756,0.5457985997,-0.0225770529,-0.096256569
7.5164670944,0.0985185876,-0.1877855659,-0.0317423195,0.2919552326,0.0781351775,-0.0882325917
7.5265007019,0.0712052509,-0.1637251973,0.0036043681,0.0486914702,0.1948625892,-0.0920068249
7.5364961624,0.0556264594,-0.110155791,0.0137220779,-0.0928459466,0.2717893422,-0.0924065709
7.5464820862,0.0427322164,-0.0746216178,0.0008451499,-0.0492055342,0.2985924482,-0.1223578006
7.5564579964,0.0247941706,-0.0470629632,-0.0124623617,0.0800794885,0.2961135805,-0.1543037593
7.5664587021,0.003791326,-0.0171299558,-0.0158461779,0.2629427612,0.273633033,-0.1989061087
7.5764908791,-0.0093488907,-0.0133031588,-0.021239087,0.5652810335,0.2700462937,-0.2670870125
7.5864868164,-0.0286721643,-0.0062263589,-0.0442370623,1.0162943602,0.247980684,-0.3809347451
7.5964422226,-0.0581056103,0.0021879096,-0.0611554831,1.539080143,0.2038350552,-0.5169997811
7.6064901352,-0.0721928254,-0.0129275303,-0.0877566189,2.1023259163,0.1801366508,-0.6734109521
7.6164498329,-0.0860558525,-0.0427982807,-0.1098489612,2.6685349941,0.1842770576,-0.8268175721
7.6264457703,-0.1000225469,-0.0720785856,-0.1298044771,3.2357342243,0.196993649,-0.9781556726
7.636425972,-0.1121902838,-0.1127980947,-0.1342354268,3.7828786373,0.1838661432,-1.1335610151
7.6464710236,-0.100182496,-0.1409341097,-0.1234677285,4.3207039833,0.1343563795,-1.2855374813
7.6564540863,-0.0812854692,-0.1776849627,-0.1088436097,4.8438677788,0.0557576977,-1.4511262178
7.666478157,-0.0693882927,-0.1998063326,-0.0867400616,5.2583146095,-0.0439617038,-1.613314867
7.6764531136,-0.0653616413,-0.2263070345,-0.0634654015,5.5298519135,-0.1628832966,-1.7667800188
7.6865558624,-0.0614653602,-0.2676448822,-0.0239798874,5.5727701187,-0.2642349601,-1.9085131884
7.6964268684,-0.052168943,-0.3377791047,0.0342650563,5.5182657242,-0.3185218871,-2.0834195614
7.7064218521,-0.060401924,-0.4220768809,0.0759385377,5.3220672607,-0.3986636102,-2.2782428265
7.7164239883,-0.0663443282,-0.4322334528,0.1179332882,5.0166077614,-0.4430784583,-2.4455976486
7.7263841629,-0.0812323615,-0.4611626863,0.1547436267,4.6661601067,-0.4623323381,-2.6300842762
7.7363929749,-0.0838435218,-0.4929654598,0.1999354511,4.3103041649,-0.4751674533,-2.8092978001
7.7464351654,-0.0892572254,-0.5421028733,0.2299628407,3.9911935329,-0.5600173473,-2.9434483051
7.7563948631,-0.0855244622,-0.5332260132,0.2333292514,3.6152966022,-0.6405614614,-3.0223417282
7.7664031982,-0.0788962543,-0.5109605193,0.2272145301,3.2609651089,-0.752882123,-3.0872342587
7.7763929367,-0.0600500628,-0.5052153468,0.2081426531,2.8914973736,-0.8512188196,-3.1277709007
7.7863988876,-0.0527242124,-0.4825907946,0.182401076,2.6238617897,-0.9896342158,-3.1978666782
7.7963819504,-0.0440187082,-0.4210546017,0.1620879918,2.3628754616,-1.1694241762,-3.2379529476
7.8062839508,-0.0381773189,-0.3108431697,0.1558464319,2.0343744755,-1.3239336014,-3.2600941658
7.8164229393,-0.042104058,-0.2532425523,0.164589718,1.8742259741,-1.4272149801,-3.3188071251
7.8263640404,-0.0510943159,-0.2228224277,0.1340021044,1.8270741701,-1.510412693,-3.3809158802
7.8363647461,-0.0551346317,-0.1242672801,0.1269949824,1.8928872347,-1.579718709,-3.420883894
7.8463640213,-0.0623442456,-0.0300310235,0.1102203876,2.0065677166,-1.6482203007,-3.4098951817
7.8563518524,-0.0583005473,0.016545536,0.1334700733,2.1424398422,-1.702368021,-3.3650174141
7.866350174,-0.0532860383,-0.0044087749,0.149968043,2.2197070122,-1.7666490078,-3.3274707794
7.8761081696,-0.0552167222,-0.0284881573,0.1523810774,2.1580064297,-1.8126392365,-3.2750723362
7.8861451149,-0.0635414943,-0.0567899942,0.1528714448,2.0331993103,-1.8420442343,-3.2259244919
7.8961467743,-0.0760664269,-0.091100812,0.1477337033,1.8698939085,-1.8642382622,-3.1736092567
7.9066801071,-0.0891073868,-0.0825789571,0.1140242368,1.7920517921,-1.8828210831,-3.1511232853
7.9165868759,-0.103503339,-0.0425875187,0.0845918804,1.6824426651,-1.9535610676,-3.0751597881
7.9263138771,-0.1084981784,-0.000835536,0.1229387075,1.6135892868,-2.0590052605,-2.9692511559
7.9362978935,-0.1195032224,0.0011522789,0.1026290804,1.5316876173,-2.1220915318,-2.8976035118
7.9463229179,-0.1388221532,0.0475379825,0.0943522006,1.4969820976,-2.1990134716,-2.8620216846
7.9564299583,-0.15538688,0.1054491401,0.1037231237,1.4789844751,-2.2382338047,-2.8075733185
7.9663248062,-0.1681040078,0.1628563404,0.0912410766,1.3861266375,-2.2692933083,-2.7308146954
7.9762730598,-0.1734106094,0.1656850576,0.0941050202,1.3633906841,-2.2675819397,-2.6351952553
7.9863061905,-0.1770199686,0.1176186204,0.0676724464,1.3462814093,-2.2969141006,-2.5500018597
7.9962930679,-0.169782415,0.140403986,0.0402455479,1.2379522324,-2.2901070118,-2.4054839611
8.0063514709,-0.1740180403,0.1623516679,0.0147952596,1.2269262075,-2.2840399742,-2.310962677
8.0162639618,-0.1748107225,0.1756954789,-0.0482824892,1.2360202074,-2.26380229,-2.2027375698
8.026268959,-0.1776832491,0.2055956721,-0.0407102555,1.242991209,-2.2592978477,-2.0572240353
8.0362644196,-0.1794599444,0.1995198727,-0.0356042236,1.2208259106,-2.2207248211,-1.9012881517
8.0462799072,-0.1848857552,0.1929894686,-0.0409776419,1.2070903778,-2.1587927341,-1.7710059881
8.0563440323,-0.1851938516,0.1880460978,-0.0757853836,1.2363196611,-2.1160552502,-1.6735600233
8.0662927628,-0.1857960969,0.2181771994,-0.0784389228,1.1938438416,-2.0660567284,-1.5378684998
8.0762634277,-0.2004105002,0.2007493377,-0.0485623926,1.1845802069,-2.0203082561,-1.4297970533
8.0863838196,-0.2255203277,0.1335831881,-0.0615112036,1.1250276566,-1.9558056593,-1.3324338198
8.0962209702,-0.2365521938,0.1286242604,-0.0913215131,1.1155517101,-1.8739446402,-1.2500902414
8.106180191,-0.2353410274,0.1496523619,-0.1351730078,1.1267101765,-1.8346824646,-1.168548584
8.1166210175,-0.2265469581,0.1762325764,-0.1067361087,1.1259149313,-1.7740399837,-1.0754492283
8.126332283,-0.2308127433,0.145193994,-0.0825038999,1.1166986227,-1.7148190737,-1.0163328648
8.1362533569,-0.2365873605,0.1050306559,-0.025890395,1.0167198181,-1.6624858379,-0.9305487871
8.146197319,-0.2434704453,0.0875015259,-0.0475426763,0.954834044,-1.5619256496,-0.8642269969
8.1562223434,-0.2492433935,0.0593531132,-0.0779604763,0.9103267193,-1.4860719442,-0.8285688758
8.1663236618,-0.2266220003,0.0867213011,-0.090347454,0.8678335547,-1.4088388681,-0.7578598261
8.1761627197,-0.2034869343,0.1066679358,-0.1196217388,0.8308585882,-1.3445874453,-0.7104435563
8.1862220764,-0.1869784743,0.1182492375,-0.1196758002,0.7607790828,-1.2795062065,-0.6608842611
8.1961994171,-0.181983605,0.098932147,-0.0950838178,0.7043081522,-1.1801543236,-0.6158064008
8.2062091827,-0.1784827858,0.0778198838,-0.0938022584,0.6478744745,-1.0861282349,-0.5685691237
8.2162151337,-0.173016265,0.0786443949,-0.0773659796,0.5935208201,-0.9919421673,-0.5043354034
8.2261762619,-0.1730234176,0.0797604322,-0.0818436593,0.5146006942,-0.8968577385,-0.4379662275
8.2361602783,-0.1573556215,0.0979543328,-0.1007454842,0.4239238203,-0.7986860871,-0.3747955263
8.2461748123,-0.143354848,0.1047691107,-0.1007485837,0.3901967406,-0.7366208434,-0.3358659446
8.2561807632,-0.1398983151,0.1000517011,-0.0952645987,0.3758108914,-0.6862450242,-0.3064353764
8.266254425,-0.1422779709,0.1315674782,-0.1156852096,0.3301552534,-0.6080948114,-0.2506035268
8.276143074,-0.1472834498,0.1126409769,-0.1280255169,0.2943483591,-0.5420069098,-0.2393206358
8.2861871719,-0.1502006203,0.0683551431,-0.114309296,0.1269226223,-0.4467925131,-0.2026374638
8.2961339951,-0.1578168422,0.0354774594,-0.1566012353,-0.0338729098,-0.2510206103,-0.1623630077
8.3061618805,-0.1601035148,0.0417896509,-0.188058719,-0.1668999344,-0.0613500178,-0.110380508
8.3162021637,-0.1308768541,0.1247797608,-0.2288594693,-0.191963613,0.1088760421,-0.0551602617
8.3261518478,-0.113320075,0.1721522212,-0.2215061039,-0.1105830073,0.1963321269,-0.0260372628
8.3361473083,-0.102332972,0.1896826029,-0.2102832645,0.003070456,0.2499162555,0.0128452871
8.3461341858,-0.0948826298,0.1872873306,-0.2068367451,0.1383928657,0.2620413601,0.0583549812
8.3561077118,-0.0842117891,0.1583019495,-0.1876665801,0.2021003366,0.2832832932,0.1091644987
8.3662433624,-0.0879032835,0.1198618412,-0.1549440473,0.1941803545,0.3241358995,0.1439640373
8.3761339188,-0.0944742784,0.0883973241,-0.1194100231,0.1200404912,0.3719068766,0.1734557301
8.3861322403,-0.0971034393,0.0696212649,-0.0985565037,0.045944687,0.418515116,0.191265896
8.3960762024,-0.0979837403,0.0703799725,-0.0830140561,-0.0401121676,0.488612175,0.2163667083
8.406083107,-0.1025282368,0.0672104359,-0.0739610046,-0.129314214,0.5491250157,0.2489707172
8.4161672592,-0.1048938259,0.0573664308,-0.0706621855,-0.2324057072,0.6043377519,0.2996810675
8.4261074066,-0.1159557924,0.0739617944,-0.0781844109,-0.3356327415,0.6787272692,0.3428287804
8.4360990524,-0.1356898099,0.0808484554,-0.0950470418,-0.4219833612,0.7767843008,0.3890002668
8.4461069107,-0.1473790556,0.0939640403,-0.1098107547,-0.5116565228,0.8814046979,0.4553151131
8.4560527802,-0.1489582211,0.1134314537,-0.1344828457,-0.6151296496,0.9679406881,0.5440665483
8.46616745,-0.1490401179,0.1158903241,-0.1551344246,-0.7313164473,1.0457633734,0.625447154
8.4760837555,-0.1565933377,0.1109760404,-0.1653214544,-0.8283783197,1.1302390099,0.7173944116
8.4860620499,-0.156718567,0.1175222993,-0.1820524782,-0.9157776237,1.2031401396,0.8221594691
8.4960737228,-0.1514330655,0.1356360912,-0.1888543218,-1.0309311152,1.2674658298,0.9493101835
8.5060710907,-0.1560502797,0.1330644488,-0.1767048091,-1.1878421307,1.3495846987,1.069999814
8.5161676407,-0.1725965291,0.1133618951,-0.1681940407,-1.4002612829,1.4312833548,1.1917934418
8.5260381699,-0.1814341694,0.1051616669,-0.1572041959,-1.7195430994,1.5156160593,1.3433914185
8.5358495712,-0.1912400872,0.0917040706,-0.1363307685,-2.1732640266,1.5883126259,1.5057823658
8.5460510254,-0.2047860771,0.0581810474,-0.0967874378,-2.7628781796,1.6932533979,1.6871825457
8.5560178757,-0.2045881897,0.0198516864,-0.0626990646,-3.4199359417,1.8191051483,1.8748675585
8.5660400391,-0.1751265079,0.0051355977,-0.0331616849,-4.0588173866,1.9418797493,2.0614984035
8.5758132935,-0.1313013583,0.028225841,0.0041364585,-4.6115422249,1.9712917805,2.2518627644
8.5860567093,-0.0866908655,0.0909742117,0.0393417627,-4.7337765694,1.975974679,2.4102141857
8.5960321426,-0.0608929023,0.1967870593,-0.0084512671,-4.3852009773,1.8672819138,2.508415699
8.6060199738,-0.0421686992,0.4132805467,-0.0428699702,-3.8957929611,1.698146224,2.7853925228
8.6159143448,-0.054899238,0.5480715632,-0.0518088788,-3.1329450607,1.6495115757,3.031648159
8.6260213852,-0.1103971824,0.5004651546,-0.0500337929,-2.4848761559,1.6861848831,3.233874321
8.6360111237,-0.1277440935,0.4250067472,-0.0294752568,-2.0836212635,1.7644690275,3.4009447098
8.6460094452,-0.106098555,0.3172558546,0.00803502,-1.8876256943,1.7806421518,3.4899439812
8.6559276581,-0.0636716112,0.214382112,0.0362988263,-1.9686062336,1.7231740952,3.592361927
8.6661090851,-0.0314936861,0.125995338,0.0377594382,-2.3001027107,1.6284151077,3.6856360435
8.675994873,-0.0203026142,0.0464868546,0.0676026493,-2.8984239101,1.533621192,3.7663476467
8.6861248016,-0.019450387,-0.0196531396,0.1093624383,-3.6024134159,1.4630976915,3.7811076641
8.6959447861,-0.0216995683,-0.0517160892,0.1605959088,-4.3355937004,1.444562912,3.7774915695
8.7059526443,-0.0158898439,-0.0546718836,0.2446850091,-4.8190560341,1.4416925907,3.7544751167
8.7160797119,-0.0078285253,-0.0823555589,0.2652697265,-5.1320905685,1.3452035189,3.7542593479
8.7259712219,0.0190225635,-0.0411725044,0.2858511508,-5.1854844093,1.2071522474,3.7828140259
8.7360935211,0.0278949533,-0.0216111522,0.2371878177,-5.0642018318,1.0058963299,3.7617247105
8.7459316254,0.0415883437,0.0386228561,0.1851286441,-4.9598474503,0.7737879753,3.7727184296
8.7559576035,0.0560464635,0.0714031458,0.1573488265,-4.834836483,0.5147114396,3.7360649109
8.7661190033,0.0678460971,0.0491073132,0.1271495372,-4.7407207489,0.2740615308,3.6323831081
8.7761631012,0.0769142881,0.0683992505,0.1391595155,-4.6918330193,0.0790704787,3.5337460041
8.7859277725,0.0811370984,0.080483377,0.1601807624,-4.5979971886,-0.151435703,3.4916172028
8.7959384918,0.0947911814,0.0169030447,0.1871892959,-4.3634090424,-0.3898845017,3.5184981823
8.8059444427,0.0763503984,-0.0990308523,0.1505395919,-4.0204982758,-0.5371631384,3.4841549397
8.816192627,0.0126538659,-0.1194522977,0.121918574,-3.6711812019,-0.6906725764,3.4647183418
8.8259210587,-0.0467659011,-0.1704689264,0.0747227222,-3.3381142616,-0.7934830785,3.3897225857
8.8359279633,-0.0906733274,-0.1630685329,0.0529495031,-3.0086069107,-0.8305450082,3.2580003738
8.8459310532,-0.1203101501,-0.1623191833,0.0225367099,-2.6544947624,-0.8539685607,3.07304883
8.8561601639,-0.1134584323,-0.1652519107,0.0011265434,-2.2002255917,-0.8500084281,2.87403512
8.8659191132,-0.0930984914,-0.1557645798,-0.0204173774,-1.7847325802,-0.9496652484,2.7182195187
8.8758897781,-0.0539284796,-0.1670783758,-0.0248054713,-1.3786884546,-1.0843166113,2.6040737629
8.8860120773,-0.0380810238,-0.230030477,-0.0246016234,-1.1186320782,-1.1175509691,2.4819326401
8.895898819,-0.0521700718,-0.2334717512,0.0039332071,-0.9714812636,-1.0501391888,2.3570919037
8.9058561325,-0.08213377,-0.2354345322,-0.0019798719,-0.7986887097,-0.9878206253,2.2386417389
8.915930748,-0.0812362358,-0.2551776767,-0.0201817006,-0.7182992101,-0.9933059216,2.1493804455
8.9258966446,-0.0502700582,-0.2422971725,-0.0094765266,-0.7135318518,-1.0290842056,2.085865736
8.9358844757,-0.0472749695,-0.2828248739,-0.0312947482,-0.7166031599,-1.0200403929,2.0210020542
8.9458694458,-0.0705791637,-0.3027135432,-0.0358236879,-0.790424943,-0.9783318043,1.9655387402
8.9558601379,-0.1001873687,-0.3173060715,-0.0533056706,-0.6680182815,-0.8980523944,1.8682553768
8.965921402,-0.1286172122,-0.3082920611,-0.0736389011,-0.5801784396,-0.8992409706,1.7747113705
8.9758625031,-0.1256002784,-0.2619863153,-0.0623918623,-0.4375115931,-0.9480856657,1.6835640669
8.9858560562,-0.1278110445,-0.321190089,-0.0729997009,-0.3292727172,-0.9557017684,1.5698620081
8.9958620071,-0.1510659605,-0.3920378089,-0.0891525,-0.2222863585,-0.9241508245,1.4123469591
9.0060214996,-0.1878540516,-0.4205070734,-0.0884703845,-0.2030287683,-0.8655570149,1.2472828627
9.0158557892,-0.192183435,-0.3909374177,-0.0770339221,-0.2401206344,-0.8351692557,1.0856325626
9.0258388519,-0.1545196772,-0.3740231991,-0.0668977946,-0.3188567162,-0.8102934957,0.9410410523
9.0358066559,-0.110425882,-0.39021492,-0.0270179957,-0.3194303811,-0.7770849466,0.6996611953
9.045832634,-0.1646050662,-0.3883625567,-0.0110518178,-0.3237790465,-0.2174056619,0.2817023098
9.0558176041,-0.2632580101,-0.3717616498,-0.3401115239,-0.5695129037,0.3083920777,-0.0051946994
9.0658588409,-0.2758076191,-0.7881231308,-0.4864331782,-0.8029144406,0.6957432628,-0.11909464
9.0757818222,-0.2264435738,-0.7414957285,-0.4855432212,-0.898506403,0.7362995148,-0.0396116599
9.0857896805,-0.1373850852,-0.4069186449,-0.4341090024,-0.4521198273,0.4658773243,-0.0689791441
9.0958175659,0.0306354407,-0.2217960656,-0.3688580096,0.1583513767,0.0953509137,-0.0786883533
9.1058092117,0.1513962299,-0.1879814863,-0.2295764536,0.4200690091,-0.0764205828,-0.0288872458
9.1158065796,0.1182881519,-0.2503685951,-0.08763282,0.3268078864,-0.0217219125,-0.0483028889
9.1257667542,0.0472053513,-0.2563993335,-0.0205454677,0.1079871505,0.1069785357,-0.048984658
9.1357975006,0.0263355169,-0.1720610857,0.0006079234,-0.0249638427,0.1880302429,-0.074915193
9.1457633972,0.0381425843,-0.0753097832,0.0047384659,-0.0121684168,0.1975758076,-0.095171459
9.1557922363,0.056207858,-0.0306660514,0.0079195658,0.0810572654,0.1607472301,-0.1109308526
9.165802002,0.0524464026,-0.024292646,0.0242660791,0.1870473474,0.1241319627,-0.1139546037
9.1757717133,0.035251312,-0.0151333194,0.0262757689,0.3120336235,0.1154226214,-0.1203585714
9.1857700348,0.0091791535,0.0120755453,0.0185820013,0.5544241667,0.116010651,-0.1460290402
9.1957626343,-0.0062146545,0.0412133932,-0.0158488005,0.9634485245,0.1133882403,-0.1983563006
9.2057218552,-0.0178542938,0.0795292556,-0.0436667651,1.4967446327,0.0645245612,-0.2706544697
9.2159881592,-0.0212500151,0.0866820216,-0.0672169775,2.0421724319,-0.0270983018,-0.3543694615
9.2257499695,-0.0298788454,0.0522472262,-0.0758502334,2.4860882759,-0.1087625399,-0.4317044616
9.2357254028,-0.0491368994,-0.0073649865,-0.0771716684,2.8152730465,-0.1272057295,-0.5114935637
9.245718956,-0.0651738271,-0.0473343134,-0.0737273544,3.0342035294,-0.1143096387,-0.5765359402
9.2557029724,-0.0575003549,-0.077221632,-0.0669591278,3.167755127,-0.1073380113,-0.6329847574
9.265794754,-0.0386613533,-0.1164859533,-0.049592182,3.2115457058,-0.0913851485,-0.6819887757
9.2757148743,-0.0340470299,-0.1757444143,-0.036078617,3.2093884945,-0.0620605461,-0.7501685619
9.2858467102,-0.0421846732,-0.2189147472,-0.0284942836,3.2404396534,-0.0327932052,-0.8555567861
9.2956905365,-0.0613943413,-0.2291608453,-0.028079316,3.3015210629,-0.0162187573,-0.9725701213
9.3057088852,-0.076231353,-0.2204989791,-0.0233949274,3.4673056602,0.0040447032,-1.1279263496
9.315779686,-0.0826532915,-0.2254169583,-0.0259286612,3.7625305653,-0.0026294447,-1.3012611866
9.3256921768,-0.079628326,-0.2357116938,-0.0327517241,4.0987987518,-0.0719494,-1.4625298977
9.3357048035,-0.0747822449,-0.2507417798,-0.0286481827,4.4171276093,-0.1680897772,-1.6182967424
9.345700264,-0.0738765076,-0.2783043981,-0.0201390237,4.6094989777,-0.2704230845,-1.760127902
9.3556938171,-0.067418389,-0.3183021545,0.007435278,4.691754818,-0.3501469195,-1.9084042311
9.3657474518,-0.0603649393,-0.3709288836,0.0346902162,4.6042442322,-0.4289575815,-2.0459430218
9.3756189346,-0.0482152924,-0.4086245298,0.0768069178,4.3627929688,-0.4811520875,-2.1814219952
9.3856916428,-0.0406891629,-0.4331270456,0.1098248512,3.9921145439,-0.5268372893,-2.3136656284
9.3956756592,-0.0287569668,-0.4435151219,0.1496702582,3.5390088558,-0.5474365354,-2.4375152588
9.4056739807,-0.026700614,-0.452442348,0.1824308783,3.1081981659,-0.5487247109,-2.5731921196
9.4157066345,-0.0241690334,-0.4487826824,0.188417092,2.6986410618,-0.5558769107,-2.6642270088
9.425693512,-0.0170934331,-0.4115504622,0.1839805394,2.388389349,-0.5728157163,-2.7393302917
9.4356613159,-0.0075648115,-0.3831835389,0.1583017856,2.1904673576,-0.6251062751,-2.8004717827
9.4456472397,0.0045855804,-0.3153913617,0.1448887736,2.0844876766,-0.6948465109,-2.8605017662
9.4556322098,0.0063365861,-0.2606385946,0.1447466165,2.074791193,-0.7916004658,-2.9161713123
9.4656906128,-9.9628e-05,-0.2042304277,0.1417954713,2.0982437134,-0.9039422274,-2.9505181313
9.4756851196,-0.010336115,-0.1674993038,0.1297413856,2.1728665829,-1.0094460249,-2.9817588329
9.485657692,-0.0161026921,-0.1377241015,0.1195733696,2.2292900085,-1.1170395613,-2.9906620979
9.4956321716,-0.0178158041,-0.1266698837,0.115656212,2.2108595371,-1.2217174768,-2.9655342102
9.5055999756,-0.0154430037,-0.1371700168,0.1430465728,2.1593804359,-1.3267576694,-2.9531309605
9.5156831741,-0.020452654,-0.1509804726,0.1602288634,1.967815876,-1.4050188065,-2.9323046207
9.5256843567,-0.0355934724,-0.1485541463,0.2032984048,1.7962622643,-1.4416341782,-2.9340722561
9.535615921,-0.0611864552,-0.1515933871,0.1996775419,1.6160360575,-1.4643729925,-2.9306135178
9.545580864,-0.0800173804,-0.1293391585,0.1951688081,1.4687782526,-1.4739897251,-2.9219491482
9.5562992096,-0.0877332315,-0.0991831422,0.1762917787,1.4274177551,-1.5063844919,-2.9227716923
9.5654916763,-0.0810068771,-0.0446014404,0.1458357126,1.4173119068,-1.578017354,-2.9159257412
9.5756664276,-0.0663275942,0.0356311798,0.1212150604,1.3707773685,-1.6432985067,-2.8835992813
9.5855636597,-0.0539753959,0.0732542276,0.1281876713,1.3541581631,-1.7021472454,-2.8757693768
9.5955200195,-0.0532057807,0.0496512651,0.139189437,1.3085939884,-1.7587996721,-2.8350000381
9.6056642532,-0.0627290234,0.0319802761,0.1306394488,1.3280733824,-1.7980400324,-2.8166985512
9.6155233383,-0.0784174725,0.0031242985,0.1462602168,1.3369379044,-1.8709794283,-2.7291126251
9.6256484985,-0.0860614404,0.0149015207,0.1058053523,1.350736022,-1.8968116045,-2.6375892162
9.6355495453,-0.0995697603,0.042039156,0.0599024445,1.3327703476,-1.939253211,-2.5852463245
9.645819664,-0.0982129201,0.0916375518,0.0651633888,1.2697221041,-1.9594213963,-2.5117664337
9.6555700302,-0.0966903195,0.115526557,0.0480261594,1.2599759102,-1.9580845833,-2.4713964462
9.6655492783,-0.0894989595,0.0964897275,0.0756881386,1.2913247347,-2.0247583389,-2.4221160412
9.675567627,-0.079080604,0.0873178244,0.0817034394,1.2282166481,-2.0541815758,-2.306081295
9.6855649948,-0.0920430645,0.0751349926,0.0947862417,1.1536210775,-2.1021368504,-2.22178936
9.6955356598,-0.1026991233,0.0629623532,0.0733450204,0.9822058678,-2.0652034283,-2.1220431328
9.7055454254,-0.1088790521,0.0878941417,0.040013507,0.9284641147,-2.0249049664,-2.1105806828
9.7155513763,-0.1106240377,0.1102057099,0.0521229655,0.9294662476,-2.0330924988,-2.0690953732
9.7255239487,-0.1118003353,0.1470789909,0.0560102016,0.902672708,-2.0497465134,-1.9924767017
9.7355241776,-0.1232882962,0.1559017301,0.0429536849,0.8916018009,-2.0404236317,-1.8916000128
9.7455253601,-0.1373317987,0.1395734549,-0.0011225783,0.901776433,-2.0055713654,-1.8249024153
9.7554931641,-0.146668449,0.1387088895,-0.0120091876,0.9346258044,-2.007827282,-1.7441720963
9.7655696869,-0.1544226557,0.1615788937,-0.0297019333,0.9265210032,-1.9696284533,-1.6445493698
9.7756357193,-0.163158372,0.1800567508,-0.0571182817,0.9249268174,-1.9368867874,-1.5640188456
9.785823822,-0.1562984735,0.1865922809,-0.0783490986,0.8869386911,-1.9010204077,-1.4601105452
9.795715332,-0.1531020552,0.1921511292,-0.0964692086,0.8552838564,-1.8502781391,-1.3722389936
9.8055486679,-0.1622434407,0.1813247204,-0.0875038356,0.8641867638,-1.7877105474,-1.3131570816
9.8157396317,-0.1796596199,0.1632971764,-0.0445748419,0.829080224,-1.7122877836,-1.2105686665
9.825345993,-0.2008232623,0.1622600555,-0.0832844824,0.8128501177,-1.5971441269,-1.1050648689
9.8353118896,-0.211185649,0.1556503177,-0.1134492606,0.7691685557,-1.506008029,-1.0323200226
9.8452310562,-0.2070493251,0.159932375,-0.138285622,0.7605090141,-1.3921108246,-0.9544357061
9.855638504,-0.2066117674,0.1618093252,-0.13937895,0.7565835118,-1.31704247,-0.9219864011
9.8655433655,-0.2090351135,0.1651679277,-0.1027975529,0.7332100272,-1.2258217335,-0.8577557802
9.8754787445,-0.2133021504,0.1829454899,-0.1261999458,0.6872749329,-1.1155673265,-0.7968185544
9.8854532242,-0.2031927258,0.1851118803,-0.1335043758,0.6425763965,-1.0277088881,-0.7314888239
9.8954467773,-0.1867302209,0.1595204473,-0.1291480511,0.5647109151,-0.9357206225,-0.6534150243
9.9054756165,-0.1788264662,0.136271596,-0.1112768501,0.4592763186,-0.8611574769,-0.5879566669
9.9154510498,-0.1690620929,0.1287153959,-0.0969068259,0.3313250542,-0.7844112515,-0.497000128
9.9254522324,-0.1635139734,0.1266513467,-0.0888756961,0.2878859639,-0.7095956206,-0.4581464529
9.9354305267,-0.1618441492,0.1182020903,-0.0429616421,0.2370316833,-0.6527630091,-0.3904857934
9.9454393387,-0.151041761,0.1440749168,-0.0638968796,0.2052324712,-0.5692252517,-0.3421353102
9.9554100037,-0.1354838163,0.1426986456,-0.0720158666,0.182286948,-0.5167699456,-0.3116492927
9.9654169083,-0.118479155,0.1116383672,-0.0442727655,0.1231506541,-0.4732251763,-0.2906425595
9.9754276276,-0.1081744656,0.0833194852,-0.0379327983,-0.013026488,-0.4099112153,-0.262270689
9.9854183197,-0.1054692492,0.0605575442,-0.071629867,-0.1388675123,-0.3111233711,-0.2203277797
9.9954156876,-0.0994728431,0.095245719,-0.1200471967,-0.2746441066,-0.1843622327,-0.148815915
10.0054140091,-0.0990872607,0.147048831,-0.1636411399,-0.3014176786,-0.0612765141,-0.1049749553
10.0153865814,-0.1015228853,0.1826500297,-0.1962023228,-0.2948924005,0.0311903059,-0.0471478775
10.0254182816,-0.1069969758,0.2207235694,-0.2113503665,-0.1826209873,0.1295096725,-0.0255536325
10.0354089737,-0.1165144071,0.2229925394,-0.2216267437,-0.0341324359,0.2272583395,0.0215164069
10.045372963,-0.1149153933,0.2214339972,-0.2298235148,0.0898531526,0.3215566278,0.0622515827
10.0553722382,-0.1180635914,0.1892564893,-0.2166789025,0.151945278,0.4121980965,0.1062403545
10.0653600693,-0.1104639992,0.1449739933,-0.1818314046,0.1574673504,0.5055347085,0.1417525411
10.0754213333,-0.1022906527,0.1065123081,-0.140280351,0.0926643908,0.5844111443,0.1752846688
10.0854034424,-0.0976637229,0.0868812203,-0.1130825132,-0.0149150696,0.6704874635,0.2141100913
10.0953779221,-0.0947653279,0.0632434487,-0.1093084067,-0.1554486006,0.7402681112,0.2520017028
10.1053695679,-0.0976247415,0.0406050086,-0.0933775753,-0.3246448338,0.7874547839,0.2985590696
10.1153821945,-0.1008484587,0.0498000383,-0.0872837752,-0.5099263787,0.8472611904,0.3354841769
10.1253890991,-0.1093333587,0.0534285903,-0.0871822089,-0.615219295,0.9099506736,0.3872083724
10.1353244781,-0.1058807001,0.0809149742,-0.1017257422,-0.6725600958,0.9700856209,0.4718500078
10.145321846,-0.1108324751,0.1177337766,-0.1205513924,-0.6613913178,1.0093206167,0.5502047539
10.1553440094,-0.1263274103,0.1490182281,-0.1392785758,-0.6448313594,1.0338128805,0.6488337517
10.1653423309,-0.1514645964,0.163872838,-0.1489661187,-0.6477059722,1.0817439556,0.7568888664
10.1753692627,-0.1758827716,0.162976563,-0.1518557519,-0.7350234389,1.1397906542,0.8744992018
10.1853084564,-0.1916543394,0.1482766867,-0.1502114385,-0.9441076517,1.1992065907,1.0123708248
10.1953372955,-0.2048834115,0.1241188645,-0.1466943473,-1.3220170736,1.2713773251,1.1704660654
10.205332756,-0.2069265991,0.0940496922,-0.1391239613,-1.8846986294,1.3455494642,1.3541717529
10.2153186798,-0.1941799074,0.0595206022,-0.1209405512,-2.6001434326,1.4272363186,1.5549333096
10.2252912521,-0.1716053635,0.0182642359,-0.0808548182,-3.3563430309,1.5363053083,1.7449221611
