0.0000000000,-0.0102084214,-0.0026359491,0.0001407863,-0.0121360058,-0.1051148772,-0.0050251544
0.009953022,-0.0150943333,-0.0007978609,-0.0107308626,-0.0004801489,-0.0964896977,0.0002851888
0.0200160742,-0.0201289747,0.0060762833,-0.0137457848,0.0175465215,-0.0846255794,0.0055955322
0.0300869942,-0.0174402762,0.0101874834,-0.0176355839,0.0334602967,-0.0770165399,0.0108966874
0.0402390957,-0.0158184413,0.0046895812,-0.0146300197,0.0366429053,-0.0748461187,0.0140826935
0.0503619909,-0.0151931653,0.0031025477,-0.0145581961,0.0387244299,-0.0695155412,0.0151466262
0.0604259968,-0.0126731331,-0.0043492843,-0.0105733871,0.0322605148,-0.0631993189,0.0162140206
0.0725830793,-0.0131411413,-0.0060734679,-0.0105443597,0.019454971,-0.0633111671,0.0162172168
0.0805699825,-0.0135895545,-0.0108233327,-0.0154023767,0.0140734678,-0.0591410659,0.0119730709
0.090651989,-0.0180035476,-0.0068531563,-0.0193538666,0.0086637884,-0.0517537221,0.0130399335
0.1008810997,-0.0214968044,-0.0077584614,-0.011603713,0.0043746876,-0.049662143,0.0141039323
0.1107600927,-0.0231103692,-0.0155486101,-0.0038483143,-0.0074148597,-0.0444319546,0.0183567349
0.1209030151,-0.0218240861,-0.0185533985,-0.0009913443,-0.0063790772,-0.0412540734,0.016235061
0.1310590506,-0.0175536443,-0.0166250095,-0.00200212,0.0011089332,-0.0433523767,0.0098613165
0.1410800219,-0.0191222448,-0.0117002064,0.0028275251,0.0118410988,-0.0496596768,0.0045463131
0.1511090994,-0.0186802465,-0.0125584537,0.008654356,0.0054724151,-0.0528709181,0.0087935226
0.1611210108,-0.0164498109,-0.0115918452,0.0200281739,0.0002157884,-0.0603390187,0.009854326
0.1711649895,-0.0103663215,-0.0157399401,0.0228556395,-0.007147585,-0.0710143,0.0098508643
0.181235075,-0.0054612472,-0.0140447253,0.0262944102,-0.0113644078,-0.0763844997,0.0056022564
0.1912260056,-0.0038881837,-0.0132307941,0.0330929756,-0.0123356618,-0.0859428495,0.0055977292
0.2013690472,-0.0040591373,-0.0144122774,0.0312044024,-0.0122138504,-0.0987083167,0.0002811274
0.2114369869,-0.0002488582,-0.0092863077,0.021453023,-0.0099879801,-0.1082940921,-0.0082186181
0.2214940786,-0.0010037138,-0.0059804847,0.018147707,-0.0109609934,-0.1178802773,-0.0124702211
0.231546998,-0.0007821186,-0.011434787,0.0197067857,-0.0215385333,-0.1275502145,-0.0167195592
0.2415810823,0.0008296431,-0.0123585695,0.0185320377,-0.0246241279,-0.1392771751,-0.0209715627
0.2516870499,0.0052063973,-0.0091557736,0.0126104355,-0.025002297,-0.1082087457,-0.1377538443
0.2617400885,-0.1117995903,-0.0179026648,-0.0103477836,-0.0550702885,-0.0988691673,-0.2927656472
0.2718230486,-0.201276958,-0.0267833099,-0.0303556919,-0.0233706832,-0.0642912164,-0.2396664917
0.281905055,-0.0805578604,-0.0108218724,-0.0173664093,0.0192786157,-0.1549063474,-0.0358563699
0.2919180393,0.012293241,0.0070156823,0.0033541324,0.0233378056,-0.1348000169,-0.0496507473
0.3020260334,-0.0152059579,0.0022907921,0.003190279,0.0158444699,-0.1316212565,-0.0400897302
0.312087059,0.0004061074,0.0035269924,0.0002881886,0.0062174089,-0.1296039075,-0.0432716757
0.3221460581,-0.0055934577,0.0037337609,-0.0065940619,-0.002338822,-0.1275216639,-0.0379596688
0.3322120905,-0.0060084998,0.008694387,-0.0154006481,-0.0013334788,-0.1211186126,-0.0337095298
0.342285037,-0.0014687716,0.0118938452,-0.014934063,0.0006838925,-0.1094077006,-0.030519262
0.3523660898,0.008372209,0.0177919641,-0.0206130743,0.0017100088,-0.1051335931,-0.0273319911
0.3624000549,0.009118042,0.0224316493,-0.021928072,0.0070127617,-0.1019036397,-0.0273320582
0.3725299835,0.0044207037,0.0189931467,-0.0220116973,0.010070337,-0.0869523883,-0.0167073775
0.3825300932,0.004863611,0.0139283603,-0.0192221403,0.0099690836,-0.0763086677,-0.0113921063
0.3926399946,0.0095050698,0.0107872253,-0.0182818174,0.0045823073,-0.0710225552,-0.0071409028
0.4027090073,0.0134534752,0.011609084,-0.0202773213,0.0002832459,-0.0678559914,-0.003952899
0.4130769968,0.01545412,0.0133798784,-0.0242373943,0.0044974321,-0.0625275373,-0.0060749063
0.4230080843,0.0126002645,0.0151030188,-0.0282325149,0.0033783987,-0.0572465546,-0.0081947148
0.4328380823,0.0076874704,0.0148995286,-0.0263850689,0.0150662139,-0.0518043861,-0.0028859703
0.4430310726,0.0077042044,0.0108534163,-0.0283850431,0.0288326256,-0.0410448164,0.0013624375
0.4529970884,0.0087237721,0.0128032332,-0.0274169445,0.0298385024,-0.0346348546,0.0066743782
0.4630830288,0.0047656805,0.0090542203,-0.0254161358,0.0339170769,-0.0154859284,0.0088067716
0.4731709957,0.002462721,0.0073096822,-0.0204268694,0.0316374153,-0.0006020528,0.0162473768
0.4832030535,0.0038795383,0.0084207123,-0.0222150087,0.0271994695,0.0163648129,0.0205037743
0.4932900667,0.0070860148,0.0114101237,-0.0269286036,0.0238777082,0.027966341,0.0141396187
0.5033630133,0.00541102,0.0095377034,-0.0267874599,0.0184440073,0.0374553166,0.01202174
0.5134540796,0.0037370385,0.0086201793,-0.0237256289,0.0246747397,0.0544665232,0.0088432571
0.5234690905,0.0058361054,0.0059098373,-0.0166834593,0.0266962387,0.0661688596,0.0109733865
0.5336170197,0.0077884109,0.0050908397,-0.0106181502,0.0232940502,0.0863207281,0.0141697126
0.5436090231,0.0087404167,-0.0034909777,-0.0064806938,0.0189713389,0.0915887877,0.0141731072
0.5537270308,0.0106763905,-0.0043373932,0.0034655929,0.0157071035,0.0979406983,0.0163007081
0.563740015,0.0125703281,-0.0002973905,0.0095267296,0.026327204,0.1033310667,0.0152398366
0.5738170147,0.0123590892,0.0067772339,0.0185600519,0.0508386716,0.1067215353,0.0141735068
0.5839500427,0.0130977547,0.0161628798,0.0267632008,0.098691076,0.1230164319,0.0077967681
0.5939670801,0.0088758832,0.0222830251,0.0390952229,0.181787014,0.1375157386,0.0045975125
0.6040790081,0.006525001,0.0302292183,0.0478562713,0.2948580086,0.1438412815,0.009883089
0.6140760183,0.0099549955,0.042028524,0.048242569,0.4025506675,0.1532430351,0.0056132418
0.6242260933,0.0133914566,0.048203297,0.0549123883,0.5232008696,0.1468301415,-0.000793791
0.6342099905,0.0189301278,0.031880714,0.0667327046,0.6003718376,0.1135076061,-0.0072008241
0.644333005,0.0288866814,0.0235485509,0.0785226226,0.6010698676,0.0433835797,-0.0221003443
0.6543790102,0.0368561372,0.0040226649,0.0851029754,0.5350120068,-0.0739209428,-0.0232039578
0.6644450426,0.0568506643,-0.0221414492,0.0727792382,0.467086643,-0.2177764475,-0.025381824
0.6744990349,0.0694785044,-0.0353045687,0.0706446171,0.3949727416,-0.3702123165,-0.0360576399
0.6845560074,0.0738289729,-0.042406939,0.0767237544,0.3090299666,-0.5282204151,-0.0690299049
0.6946270466,0.0827074423,-0.0637203082,0.0687209964,0.2552191913,-0.6987841725,-0.117944181
0.7047290802,0.0894268081,-0.0628969297,0.0515078306,0.2514343858,-0.8573910594,-0.1902248412
0.7146980762,0.084122099,-0.0363671407,0.0242233276,0.2861287296,-1.0232486725,-0.286940217
0.7249180079,0.0805282369,0.018234916,0.0084035993,0.3806008697,-1.1906840801,-0.3804876506
0.7351830006,0.0684566125,0.0329185799,-0.0102699995,0.5188183784,-1.356684804,-0.4751057625
0.7449489832,0.0473124161,0.0159278288,-0.0397948623,0.6154466867,-1.5239386559,-0.5431672335
0.7550719976,0.0096884286,0.0060335468,0.0521934032,0.4912573695,-1.1580178738,-0.4006718993
0.7651350498,-0.143615976,-0.0912766382,-0.0695469379,0.4448011816,-0.5622212291,-0.2580816746
0.7753959894,-0.2897226214,-0.0441176221,-0.2023012638,0.3121680319,0.0062121777,-0.1282245815
0.7852480412,-0.2469914407,0.036018379,-0.2564311624,0.3454692662,0.3072790802,-0.0537580736
0.7953439951,-0.1861696541,0.0639537647,-0.3844301105,0.1157303452,0.3420762122,0.0578065366
0.8053680658,-0.1387913227,0.0648298636,-0.3591083288,-0.1543321908,0.3470327556,0.0408902727
0.8157070875,-0.0638193414,0.0222828165,-0.278002739,-0.4354149997,0.2821112871,0.0621652007
0.8254330158,-0.0157965217,0.0362477377,-0.1822296381,-0.5416907668,0.2388916314,0.0855299085
0.8369110823,-0.03254994,0.0488192216,-0.0994567871,-0.4922532141,0.312767446,0.1205936223
0.8458410501,-0.0679095909,0.0621026829,-0.0454899669,-0.3739103973,0.4341002703,0.1811459064
0.8559800386,-0.1077126786,0.0593803301,-0.0056396723,-0.3571716547,0.5803570747,0.294827193
0.8657670021,-0.1433359981,-0.0122939581,0.0042617321,-0.4821662903,0.7086883187,0.4531317651
0.875872016,-0.1627789736,-0.0301116928,-0.0390175581,-0.8003482819,0.8384745121,0.6051146388
0.8859400749,-0.2107468843,-0.0059866835,-0.1058292389,-1.2036589384,1.0503091812,0.7614084482
0.8961939812,-0.2366542518,0.0506921187,-0.201251626,-1.6812591553,1.2212781906,0.9336265326
0.906050086,-0.2076095492,0.1110745743,-0.2713080645,-2.2954447269,1.2826706171,1.082464695
0.9161220789,-0.1885826737,0.1207426563,-0.3073168397,-3.0096600056,1.3168344498,1.2578599453
0.9261829853,-0.1778571904,0.0976237133,-0.3004848361,-3.7877626419,1.3390583992,1.4778614044
0.9364410639,-0.1597365588,0.0965380743,-0.2944628596,-4.4708070755,1.3524109125,1.6744743586
0.9463450909,-0.1145705581,0.1454372406,-0.2758196592,-5.0253453255,1.323581934,1.9018255472
0.9563800097,-0.0482379198,0.2621529102,-0.274123311,-5.4947953224,1.2229237556,2.2278666496
0.9664610624,-0.0185176823,0.3120465875,-0.2883883119,-5.8750925064,1.0646432638,2.5474851131
0.9767290354,-0.0440687351,0.3044098616,-0.2971798182,-6.1740651131,0.8859471679,2.8819384575
0.9865469933,-0.0959578827,0.3436561227,-0.2779641151,-6.3882465363,0.7628294826,3.16437006
0.9966400862,-0.1178758144,0.3830446601,-0.2079908848,-6.4149832726,0.6761441231,3.41279459
1.0067300797,-0.0964285806,0.4200430512,-0.1220573187,-6.3329343796,0.5980027914,3.6866788864
1.0170040131,-0.0853902921,0.4602920413,-0.0505164862,-6.1966376305,0.5360440612,3.9287033081
1.0268460512,-0.0992992297,0.4773231149,0.0089101791,-5.9313225746,0.4834732115,4.1356601715
1.0370340347,-0.1182403639,0.5347441435,0.0399265885,-5.5791721344,0.3924413025,4.3489465714
1.0470290184,-0.1233846173,0.5692223907,0.0762448907,-5.3697600365,0.3748302758,4.4593110085
1.0572559834,-0.1541099846,0.5723023415,0.0883897543,-5.1437144279,0.2958891392,4.5802593231
1.0671269894,-0.1630859673,0.5136339664,0.0836930871,-5.0212635994,0.117228508,4.6810112
1.0771790743,-0.1663429141,0.4638343453,0.1096659899,-4.8719038963,-0.086932078,4.7403311729
1.087305069,-0.1743395627,0.3897869587,0.1025300026,-4.63793993,-0.3188301623,4.8261618614
1.0975450277,-0.1744469404,0.3876395226,0.1382531524,-4.4506368637,-0.5821222663,4.879073143
1.1073840857,-0.1855298579,0.3071166873,0.1239517331,-4.0887293816,-0.8047813773,4.9086008072
1.1174579859,-0.1831535995,0.2948246598,0.1463272572,-3.8418030739,-1.0585217476,4.8818659782
1.1275140047,-0.1996577084,0.2554399371,0.1330659986,-3.4162192345,-1.2515987158,4.8062744141
1.1378010511,-0.2017990053,0.2041628361,0.0934250951,-3.0502297878,-1.4598368406,4.7636055946
1.1476480961,-0.2043046057,0.1756243706,0.0879871249,-2.7727921009,-1.6745260954,4.6636171341
1.1577210426,-0.2318736017,0.0745201185,0.0551924109,-2.4557130337,-1.7999875546,4.5254397392
1.1677680016,-0.2466455996,0.0096178716,0.0565382838,-2.2988214493,-1.912840724,4.4202270508
1.1780869961,-0.2776767313,-0.003225141,0.0623812079,-2.2104961872,-2.0033626556,4.2513332367
1.1879200935,-0.3149838746,-0.0560154244,0.0334456563,-2.1461389065,-2.0453257561,4.0760998726
1.1980010271,-0.3497268856,-0.1091695353,-0.0281513333,-1.9175976515,-2.0710332394,3.8955233097
1.2080520391,-0.3626219332,-0.147031188,-0.0822731853,-1.7507072687,-2.1205410957,3.7276923656
1.2183630466,-0.3653250635,-0.1369816065,-0.1001164317,-1.6348676682,-2.1910355091,3.5014646053
1.2282090187,-0.3733564913,-0.1601563096,-0.134195447,-1.4306086302,-2.243544817,3.3113245964
1.2382540703,-0.3823506534,-0.1830684543,-0.1301431656,-1.2908195257,-2.2507824898,3.1530776024
1.2483969927,-0.4196462333,-0.1654509306,-0.0991909504,-1.2403715849,-2.1871986389,2.9099435806
1.258611083,-0.4528710544,-0.2419519424,-0.1535199881,-1.0922620296,-2.0671012402,2.7411398888
1.268460989,-0.4415603578,-0.2748038173,-0.1872512102,-1.0090125799,-1.9720643759,2.5585355759
1.2785010338,-0.4394718111,-0.2750969529,-0.1995162368,-0.902805686,-1.9321297407,2.3567867279
1.2886030674,-0.4240427315,-0.273116976,-0.2326453924,-0.8545105457,-1.9701406956,2.1581995487
1.2988810539,-0.4022466242,-0.284380734,-0.2690426707,-0.6661728621,-1.8191000223,1.9617943764
1.3087850809,-0.4244562089,-0.3116887808,-0.2866939902,-0.5492781997,-1.6739894152,1.7654047012
1.3187940121,-0.4488331378,-0.287991643,-0.2558841705,-0.5084972382,-1.4956572056,1.558432579
1.3289290667,-0.449885577,-0.2662222385,-0.246852994,-0.4538808167,-1.3141041994,1.3387175798
1.3391400576,-0.42480883,-0.2618632615,-0.2653076649,-0.4288303256,-1.1623053551,1.151910305
1.3488610983,-0.3835871518,-0.2669343054,-0.2731447816,-0.4196381569,-1.0255073309,0.9640379548
1.3589180708,-0.3389936984,-0.3065819144,-0.3073046803,-0.2634261847,-0.8618065715,0.7995011806
1.3689920902,-0.3095743358,-0.2623166144,-0.3298361301,-0.23460491,-0.7721480727,0.5160382986
1.3797219992,-0.3322593868,-0.2684499621,-0.3749424219,-0.2214290947,-0.6114574075,0.2442954481
1.3892680407,-0.3360108435,-0.4226949215,-0.4399161935,-0.3620143533,-0.4389193356,0.0426756591
1.3993320465,-0.3458859622,-0.4551066756,-0.4100644588,-0.4243956804,-0.1856521964,-0.0877832845
1.4094080925,-0.3121967614,-0.3949028254,-0.3523781896,-0.3787369132,0.0467887633,-0.1397079974
1.419686079,-0.240796119,-0.3240891099,-0.2834400535,-0.3002389073,0.1990382224,-0.1661968678
1.429535985,-0.1901100576,-0.2204207778,-0.2194565535,-0.2446623147,0.2935607135,-0.2277489156
1.4396920204,-0.1755373776,-0.1240786836,-0.1814370751,-0.1643392295,0.3681100607,-0.2935636044
1.44968009,-0.1736939251,-0.0542115495,-0.1457397342,-0.0445932038,0.4505829215,-0.3360240459
1.4600580931,-0.1748706996,-0.0037990145,-0.1132743359,0.060195528,0.5351241231,-0.3668006063
1.4698979855,-0.1701434553,0.0162949637,-0.1054931283,0.1480521411,0.6045438051,-0.4156303406
1.4799460173,-0.1710937321,0.0310577825,-0.1183606386,0.2169798166,0.6438667178,-0.4984485209
1.4900050163,-0.1786536276,0.0130997365,-0.1567561626,0.3143498898,0.7206323743,-0.5727613568
1.5002150536,-0.1753543317,-0.0343291983,-0.2090446353,0.4383288324,0.8063054681,-0.6184073687
1.5100800991,-0.1749384701,-0.0547137186,-0.2528737783,0.5975043774,0.8931934834,-0.6874200106
1.5201650858,-0.181230098,-0.0539606139,-0.2792951465,0.841989994,0.9848925471,-0.7840600014
1.5302150249,-0.1813990772,-0.0555092618,-0.2947872877,1.1621286869,1.0866450071,-0.9051373601
1.5404920578,-0.1782269776,-0.0721654221,-0.3057678342,1.534766674,1.166328907,-1.0634002686
1.5503920317,-0.1793338954,-0.1051515266,-0.3089559674,2.0002055168,1.2486460209,-1.2673410177
1.5604090691,-0.1972852647,-0.1185471341,-0.3068711758,2.6394979954,1.3397938013,-1.4893738031
1.5704669952,-0.2172860801,-0.0925965235,-0.3005584478,3.4741420746,1.4239878654,-1.7380063534
1.5808050632,-0.2353190482,-0.0416474268,-0.272424221,4.4595508575,1.4785454273,-2.0142970085
1.5906140804,-0.2444199622,0.0083820289,-0.2078051567,5.5326557159,1.513512969,-2.3203487396
1.600654006,-0.2434553802,0.051948972,-0.1071063876,6.576218605,1.5130761862,-2.6465864182
1.6107770205,-0.2275006473,0.0564178005,0.0113164186,7.5046825409,1.4979916811,-2.9494419098
1.6210430861,-0.183919698,0.0233539715,0.1421966553,8.1796884537,1.4322638512,-3.1938598156
1.6308720112,-0.1159444675,-0.057903938,0.2686357498,8.7648363113,1.2868410349,-3.3353013992
1.6410109997,-0.0554783568,-0.1461803913,0.338222146,9.1415929794,0.955868125,-3.5012028217
1.6510180235,-0.0119365091,-0.1592988074,0.4250458479,9.3722572327,0.5081055164,-3.644828558
1.6613600254,0.019103026,-0.159480989,0.429364264,9.3947162628,-0.0322807543,-3.7194299698
1.6712030172,0.0386752263,-0.1809192002,0.4569709897,9.2632493973,-0.6511052847,-3.7377557755
1.6812490225,0.0443907753,-0.2629065514,0.4777203798,8.9588165283,-1.264192462,-3.7836420536
1.6912790537,0.0218214151,-0.3110918999,0.476056695,8.4509525299,-1.8087558746,-3.7880308628
1.7015740871,-0.0093190307,-0.2789120674,0.439815104,7.767563343,-2.3027186394,-3.771115303
1.7114400864,-0.0456438884,-0.2325763106,0.3996747732,6.9941082001,-2.6465005875,-3.7095074654
1.7214770317,-0.0809970722,-0.2171545029,0.3948886991,6.2636070251,-2.9067695141,-3.5905303955
1.7316050529,-0.0823930725,-0.2138542533,0.3998379111,5.4612140656,-3.128412962,-3.4725778103
1.7418190241,-0.0655638799,-0.1975877583,0.3991618156,4.4311404228,-3.3114326,-3.3099522591
1.7516940832,-0.0424534902,-0.2787345052,0.4151946902,3.3477139473,-3.4936845303,-3.120767355
1.7618989944,-0.0373258814,-0.448797673,0.4060748816,2.3268997669,-3.6439092159,-2.9857347012
1.7718080282,-0.059741132,-0.5207489729,0.3101500273,1.4214770794,-3.7068297863,-2.9600520134
1.7821630239,-0.1084032282,-0.3862017691,0.2307157516,0.9137044549,-3.7293105125,-2.960996151
1.7919900417,-0.1523463428,-0.2095222771,0.1515673399,0.7083450556,-3.685593605,-2.9789738655
1.8020510674,-0.1823129356,-0.0572455749,0.0735881329,0.7812200785,-3.6084265709,-2.9587795734
1.8121150732,-0.2077694535,0.0334317759,0.0089018345,0.9178206325,-3.4974350929,-2.8812477589
1.822404027,-0.2383415699,0.0672037378,0.01900208,1.0966564417,-3.3391513824,-2.7676017284
1.8322250843,-0.2617472708,0.0309935287,0.0366761088,1.2174506187,-3.142383337,-2.6953325272
1.8423410654,-0.2592416108,0.007520027,0.041341424,1.2631275654,-3.011033535,-2.628385067
1.8523560762,-0.2244713008,0.0163723901,0.0174117088,1.2241261005,-2.9470524788,-2.5274708271
1.8627080917,-0.2136722803,0.0245848671,-0.0392147303,1.1235156059,-2.9134504795,-2.4467318058
1.8724870682,-0.230167985,0.0047970186,-0.0632288456,1.0117609501,-2.8332986832,-2.3723380566
1.8825470209,-0.2457865179,-0.004880779,-0.0868754983,0.8293909431,-2.7345879078,-2.286236763
1.8926430941,-0.2409403622,-0.0200229511,-0.0952873826,0.6848360896,-2.6834764481,-2.2277753353
1.9029290676,-0.241539821,0.0145669049,-0.1353658438,0.5446001291,-2.6364674568,-2.1533901691
1.9127540588,-0.2556118071,0.0625169203,-0.171743989,0.4800672233,-2.5835950375,-2.0949492455
1.9228579998,-0.2863132656,0.1134681478,-0.2188324332,0.4556960762,-2.4898710251,-2.0088906288
1.9329950809,-0.3055303395,0.1367017329,-0.239302516,0.4281997979,-2.4047877789,-1.9419474602
1.9433000088,-0.322048068,0.15714854,-0.2730965018,0.3952223957,-2.3036420345,-1.8452649117
1.9529970884,-0.3235883415,0.153409183,-0.2732869983,0.360920608,-2.1759123802,-1.7379493713
1.9632490873,-0.31479159,0.1419434696,-0.2709713578,0.3248361051,-2.0855638981,-1.665692687
1.9731720686,-0.2943165302,0.1796675622,-0.3101209998,0.27403,-2.0140480995,-1.5329207182
1.9837310314,-0.2899207473,0.1987310946,-0.3233725429,0.2516392171,-1.9019149542,-1.3927015066
1.9935050011,-0.3027124703,0.1881958991,-0.341739893,0.1768869609,-1.7840120792,-1.2737013102
2.0034160614,-0.2945391834,0.183563903,-0.3554436564,0.0808275491,-1.6682020426,-1.121781826
2.0134310722,-0.2767486274,0.1875715852,-0.3772186637,-0.0123105757,-1.6320513487,-0.9858312011
2.0237259865,-0.2593051195,0.2180856466,-0.2703752518,-0.2962163091,-0.9710738659,-0.6180465221
2.0335841179,-0.4465666413,0.1633125991,-0.6024005413,0.091697827,-0.4769567549,-0.3779312074
2.0436749458,-0.4966738522,0.4630935192,-0.6318847537,-0.0462280884,0.1992723197,-0.1450244784
2.053686142,-0.2830244899,0.2579260468,-0.8017016649,-0.1149755344,0.1418486387,-0.0717701614
2.063986063,-0.2317070067,0.1760241091,-0.8060954809,-0.4293566346,0.3207691312,0.1248318404
2.073870182,-0.2456132174,0.3148684502,-0.8571154475,-0.5180442333,0.3317300677,0.1344147623
2.0839209557,-0.1406198442,0.3585574627,-0.7264617682,-0.5421812534,0.2924247384,0.1598844379
2.0940198898,-0.0197508279,0.2471812963,-0.5655025244,-0.6185765266,0.2506581247,0.2034170032
2.1042408943,0.0335676149,0.1477010399,-0.385569334,-0.6838966608,0.2747488022,0.2427321821
2.1141660213,0.0424252823,0.1038642153,-0.2527036667,-0.7241230607,0.351107657,0.2905616462
2.1241779327,0.0070920945,0.0550571159,-0.1608508229,-0.8535681367,0.4950541556,0.4085260928
2.1342720985,-0.0585928783,-0.0468727276,-0.1207534075,-1.1532841921,0.7028970718,0.6274371743
2.1445121765,-0.1199835464,-0.111372374,-0.116433084,-1.609670639,0.8939676881,0.924952209
2.1544442177,-0.1543541551,-0.0558192357,-0.1787679195,-2.1224572659,1.0661953688,1.1746914387
2.1644420624,-0.1960984766,0.0754680708,-0.2701305151,-2.5641825199,1.2777649164,1.341611743
2.1745650768,-0.225991115,0.1575087905,-0.3230522275,-2.9203259945,1.4676611423,1.487262845
2.1847901344,-0.2211086601,0.1894276738,-0.3522171974,-3.1734483242,1.599957943,1.611623764
2.1946721077,-0.2053987086,0.2409720719,-0.3590628505,-3.3961684704,1.6829822063,1.7869170904
2.2046809196,-0.1840419173,0.2669005394,-0.3300625086,-3.594337225,1.7698664665,2.0333483219
2.2147819996,-0.1591657996,0.2542866766,-0.29296422,-3.9191451073,1.8229928017,2.3169577122
2.2250351906,-0.1312346309,0.2323691249,-0.2771447897,-4.3465046883,1.7773395777,2.560195446
2.234910965,-0.121116668,0.2166315913,-0.2651426196,-4.8445005417,1.6474274397,2.832079649
2.2450208664,-0.1280242503,0.2272586226,-0.2126737237,-5.2551674843,1.5352646112,3.1050102711
2.2550339699,-0.1384509951,0.2297140956,-0.1602723598,-5.5878806114,1.4173276424,3.3641133308
2.2653331757,-0.115395762,0.262150526,-0.0970564485,-5.8349275589,1.2727496624,3.6539750099
2.2751789093,-0.0863544345,0.2659876347,-0.014346838,-5.9303655624,1.1185547113,3.8928253651
2.2852370739,-0.0780585781,0.3067452312,0.0255744457,-5.8891172409,0.9523274302,4.0562486649
2.2953600883,-0.0904652402,0.4117737412,0.0677273273,-5.7169189453,0.8179723024,4.213285923
2.3055901527,-0.1149726585,0.4419990182,0.0857522488,-5.4636244774,0.6855130196,4.3894143105
2.3154799938,-0.1339222491,0.4235064387,0.097479105,-5.3053836823,0.5583540797,4.5294690132
2.3255338669,-0.146627605,0.3636978865,0.1021596789,-5.0936369896,0.412058413,4.5919880867
2.3356471062,-0.1546217501,0.3123508096,0.1145082116,-4.8092942238,0.2632138729,4.654487133
2.3458549976,-0.1753757596,0.332583487,0.1304693818,-4.4274215698,0.1775833964,4.679831028
2.3557682037,-0.1901995242,0.3482500911,0.1283519864,-4.0913872719,0.0885978639,4.7402229309
2.3657741547,-0.1918595731,0.3324288726,0.114841342,-3.8529696465,-0.0611671321,4.7230987549
2.375852108,-0.212978214,0.2502322793,0.0690461397,-3.7283542156,-0.2489393502,4.7250962257
2.386136055,-0.2184295356,0.1800191998,0.0457021594,-3.7124037743,-0.4569063783,4.7048149109
2.3959879875,-0.2215538323,0.0980878547,0.0567170978,-3.6072163582,-0.6261652708,4.643119812
2.4061899185,-0.2163482606,0.0789693072,0.0700625181,-3.5766420364,-0.8045222163,4.5878090858
2.4163379669,-0.2288021147,0.1113766506,0.07129848,-3.3778421879,-0.9480162859,4.4464688301
2.4264678955,-0.2420168817,0.0832008198,0.0093863606,-3.074539423,-1.0819416046,4.3305888176
2.4362502098,-0.2337577641,0.0663387254,-0.0308288932,-2.8358976841,-1.2599781752,4.2083325386
2.4463939667,-0.2370552719,0.0145059293,-0.0744079351,-2.4386837482,-1.3954336643,4.0573887825
2.4563989639,-0.2451510727,-0.0403869674,-0.0989630222,-2.1494884491,-1.50730896,3.9245336056
2.4666771889,-0.2669735849,-0.048151724,-0.0426204205,-1.9485342503,-1.5491945744,3.7407705784
2.4765770435,-0.3088707626,-0.0681991503,-0.0455086231,-1.7386666536,-1.5232313871,3.5358035564
2.4866418839,-0.32910797,-0.1072604582,-0.0630387068,-1.5767288208,-1.504878521,3.3669455051
2.4983100891,-0.3327112496,-0.1431331635,-0.0859739184,-1.4763562679,-1.5211205482,3.1821572781
2.5077729225,-0.3246177137,-0.207054615,-0.1247897148,-1.3649754524,-1.5689349174,3.0228352547
2.5173969269,-0.3128867447,-0.2474288344,-0.1300473809,-1.2770963907,-1.6149021387,2.8529026508
2.5275390148,-0.322953254,-0.2334657907,-0.1061241031,-1.2046318054,-1.6155700684,2.6532657146
2.5374441147,-0.3488898575,-0.2015454769,-0.0923935175,-1.1176196337,-1.5768296719,2.4568302631
2.5470252037,-0.3508996665,-0.2087422013,-0.0993253589,-0.9623749256,-1.5287207365,2.3039157391
2.5570669174,-0.346894294,-0.1985761523,-0.0505960584,-1.0058375597,-1.4624785185,2.1064665318
2.5669841766,-0.3649834692,-0.2387232184,-0.0789804459,-0.8518980742,-1.3898857832,1.9673680067
2.5770969391,-0.3254568279,-0.2836545408,-0.125628531,-0.8919863105,-1.3369371891,1.8421128988
2.5873141289,-0.3202786148,-0.2562642992,-0.1334329844,-0.9155507684,-1.2333953381,1.642552495
2.5972309113,-0.3122662604,-0.2750424147,-0.1726433635,-0.9009954333,-1.2022083998,1.5236409903
2.6072700024,-0.2870476544,-0.2676891983,-0.1635170579,-0.9136009812,-1.1248214245,1.3665366173
2.617369175,-0.2982422411,-0.2501620352,-0.1772655249,-0.8715118766,-1.0734218359,1.2189615965
2.6275889874,-0.2962256372,-0.2251562476,-0.1808815598,-0.8619047403,-0.9756109118,1.0724797249
2.6374950409,-0.2976608574,-0.1975947022,-0.1794134974,-0.882066071,-0.8886227608,0.9334329367
2.6475110054,-0.2781549394,-0.2072752714,-0.1980260611,-0.8201499581,-0.7912983298,0.8049881458
2.6576161385,-0.2338533103,-0.2071601748,-0.2295795083,-0.7554069161,-0.7605429888,0.7157965899
2.6678619385,-0.1980317533,-0.1698330939,-0.2279389501,-0.7148677707,-0.7651391029,0.607480526
2.6777501106,-0.1893076599,-0.157594502,-0.2116963863,-0.706596911,-0.7433232069,0.5246686935
2.6877679825,-0.1980254948,-0.1451855004,-0.1618207693,-0.718010664,-0.6751020551,0.4248965085
2.6978690624,-0.2006094158,-0.151124537,-0.175775528,-0.6812574267,-0.6177444458,0.3845672011
2.7081131935,-0.1817140281,-0.0922717378,-0.1278224587,-0.6679978371,-0.5620201826,0.2879679501
2.7181420326,-0.19679299,-0.0595608279,-0.1418267488,-0.5622663498,-0.4671093822,0.2189720571
2.7282099724,-0.1933347881,-0.0690365359,-0.1513924003,-0.4716911614,-0.3511361778,0.1457428485
2.7383420467,-0.1870522797,-0.1216434762,-0.1852034926,-0.3920562267,-0.2063738555,0.1086321697
2.7485570908,-0.1840519011,-0.1354395747,-0.1998100281,-0.322178334,-0.0468827337,0.0651603267
2.7584071159,-0.183193475,-0.1193732843,-0.2165514231,-0.2317985296,0.0893608555,0.0089295432
2.7684721947,-0.1687455475,-0.1025833115,-0.2505102754,-0.1100843549,0.187712729,-0.0420185924
2.7785420418,-0.1465581954,-0.0936773941,-0.2712410092,0.0181335099,0.2765696943,-0.0929713175
2.7888641357,-0.13036111,-0.0779966041,-0.2679840922,0.1570890099,0.3580530882,-0.1503030658
2.7986822128,-0.1220591292,-0.0721756741,-0.2504940033,0.3096162677,0.4693667293,-0.2076242715
2.8087530136,-0.1216817722,-0.0733727142,-0.2395207286,0.4596747458,0.6134618521,-0.2787309289
2.8188040257,-0.1281913817,-0.0827172324,-0.2400936484,0.6247168183,0.7523146272,-0.3604634702
2.8290939331,-0.1463552415,-0.076962553,-0.2636508346,0.8571923971,0.8703669906,-0.4677052498
2.8389620781,-0.1789023578,-0.0641543195,-0.3156714439,1.1143813133,0.9703661203,-0.6099995971
2.8490300179,-0.2082114518,-0.0949014947,-0.3510600924,1.3577129841,1.066924572,-0.7735302448
2.8591330051,-0.2429978549,-0.1607697606,-0.3610890508,1.6019846201,1.1738821268,-0.9710347056
2.8694059849,-0.2889759243,-0.2065778971,-0.3556692004,1.9345215559,1.3111678362,-1.1919047832
2.8792390823,-0.3235336244,-0.2080247998,-0.3441355228,2.4536483288,1.4636070728,-1.4542243481
2.8892800808,-0.3376429975,-0.1738063991,-0.3188186884,3.201215744,1.6082433462,-1.7548309565
2.8993370533,-0.3202979267,-0.1386553049,-0.3054948449,4.1863079071,1.6922594309,-2.0693314075
2.9096999168,-0.2860563695,-0.1010929868,-0.2598576546,5.3064651489,1.7157735825,-2.4051325321
2.9194710255,-0.2610628903,-0.0763345882,-0.201156199,6.420165062,1.6384409666,-2.7388589382
2.9295420647,-0.2315828502,-0.083166264,-0.0894961953,7.4034776688,1.4741036892,-3.0598540306
2.9396750927,-0.204333216,-0.1502906084,0.047896564,8.1631402969,1.2644535303,-3.3585174084
2.9499359131,-0.17752859,-0.2253856361,0.1875748038,8.6878767014,1.0758782625,-3.5275707245
2.9597659111,-0.1443351209,-0.3038330674,0.3038420677,8.980463028,0.7290720344,-3.7306213379
2.9701399803,-0.1246939525,-0.315156579,0.3929944634,9.0663127899,0.3506253362,-3.9527480602
2.9801380634,-0.0967344865,-0.2882384658,0.428588748,9.0391216278,-0.1386982054,-4.103761673
2.9903769493,-0.0622705445,-0.2797245383,0.4416455626,8.8418579102,-0.6916285157,-4.180437088
3.0000801086,-0.0309409741,-0.3135363162,0.4772202969,8.5575017929,-1.28434515,-4.2210092545
3.0101251602,-0.012927019,-0.348369658,0.4826913476,8.1117134094,-1.8487331867,-4.2572789192
3.0201780796,-0.0138486261,-0.3120264113,0.4877502918,7.5042128563,-2.4609174728,-4.2468123436
3.0304551125,-0.0244756583,-0.2527591586,0.4713249207,6.876830101,-3.0040688515,-4.2002053261
3.0403089523,-0.0499745235,-0.1950615048,0.4041465521,6.2932982445,-3.4478292465,-4.1036558151
3.0503780842,-0.076613985,-0.1484672129,0.3562524915,5.7121539116,-3.7001364231,-3.9401173592
3.0604460239,-0.1056119427,-0.1378466487,0.3146807551,5.0487775803,-3.8371508121,-3.7223470211
3.0707411766,-0.1190669164,-0.1800706387,0.31189394,4.2954006195,-3.9388172626,-3.4960434437
3.0805869102,-0.1210536882,-0.2800241411,0.2831807137,3.4473512173,-3.9672760963,-3.3068420887
3.090610981,-0.1468655467,-0.3358394206,0.2565327883,2.6413109303,-4.0370755196,-3.1675765514
3.1007800102,-0.1921945214,-0.2717323601,0.1901851296,1.8251007795,-4.0531463623,-3.073939085
3.1110310555,-0.2382954955,-0.1232383177,0.0854055285,1.2651071548,-3.9703080654,-2.9633283615
3.1208338737,-0.2910250127,-0.0268886313,0.0124042034,1.0063313246,-3.8097698689,-2.8941664696
3.1309771538,-0.3335483372,0.0334122851,-0.0487290621,0.8704576492,-3.5613291264,-2.8525977135
3.1409921646,-0.3319943547,0.0624973848,-0.1012242436,0.8630546927,-3.3531563282,-2.8121433258
3.151335001,-0.3027642071,0.0850631073,-0.1242474914,0.8349607587,-3.2074639797,-2.7249958515
3.161178112,-0.2659286261,0.0936583355,-0.1028404832,0.883228004,-3.1205327511,-2.6389594078
3.1712460518,-0.266318351,0.1238368526,-0.1238471866,0.8639576435,-3.0022273064,-2.532715559
3.1813111305,-0.295681417,0.157951504,-0.1530729532,0.861425519,-2.8497231007,-2.4115943909
3.1916000843,-0.3338967562,0.1750014126,-0.1982042789,0.7784142494,-2.653349638,-2.289368391
3.2014379501,-0.3510272801,0.1629809141,-0.2365867496,0.6974271536,-2.4464457035,-2.1820013523
3.2115321159,-0.3389004469,0.1446245611,-0.2672049999,0.5265254974,-2.3199565411,-2.0820856094
3.2215719223,-0.3162004054,0.1678775847,-0.3136287928,0.3604999185,-2.2538859844,-1.9790164232
3.2318320274,-0.3075285256,0.188295126,-0.3172179461,0.2196946144,-2.1471078396,-1.8504496813
3.2416870594,-0.306498915,0.1771538109,-0.2932086587,0.1628124863,-2.0025410652,-1.7346271276
3.2515690327,-0.2952336371,0.1867865771,-0.3165335655,0.0581201538,-1.8796557188,-1.6251739264
3.2618210316,-0.2719103992,0.2134809196,-0.2945336699,0.0111060403,-1.7603724003,-1.4945011139
3.2721199989,-0.2522761524,0.1760672629,-0.2579911351,0.0203866251,-1.6152280569,-1.3786948919
3.2819840908,-0.2263062149,0.1717938185,-0.2585900426,0.0364321955,-1.5073083639,-1.2852066755
3.2920610905,-0.2011063695,0.2209449857,-0.3071710467,0.026629366,-1.4823867083,-1.1928151846
3.3021211624,-0.1980374157,0.2371785194,-0.3296580315,0.0562297888,-1.4485985041,-1.0951195955
3.3123950958,-0.206370011,0.2100324929,-0.3541129231,0.08468806,-1.4097698927,-1.0367084742
3.3221850395,-0.1916573644,0.2386229783,-0.3845444322,0.1315785497,-1.3993954659,-0.9730069637
3.332324028,-0.1622757912,0.2539426386,-0.4024425745,0.1431334764,-1.4837739468,-0.9104059339
3.3424010277,-0.1391989589,0.2414720058,-0.2951081991,-0.1302312165,-1.2439152002,-0.6989193559
3.352560997,-0.2675792873,0.1602955461,-0.4071328044,0.1094327718,-0.5342575908,-0.2388668209
3.3625268936,-0.3627458811,0.2618775964,-0.5555009842,-0.1853139699,0.1376049668,0.0227464233
3.3725409508,-0.2805638909,0.3460111618,-0.5944492817,0.1265696287,0.4310626686,0.021751998
3.3825922012,-0.1932281554,0.12713328,-0.712179482,-0.1976712197,0.5352788568,0.3287462294
3.392911911,-0.1853862703,0.2988536954,-0.7202755809,-0.3270632923,0.5546371341,0.2162380666
3.4027240276,-0.0063928007,0.1209627613,-0.6285244823,-0.6822885871,0.324231118,0.1811740845
3.4128270149,0.1316645443,0.0600781068,-0.4538351297,-0.9077099562,0.1307388544,0.1004379541
3.4228601456,0.1034686938,0.0263953432,-0.3193333149,-0.9069618583,0.1614283919,0.0866485685
3.4332029819,0.0347944871,0.0787246004,-0.2080911398,-0.7660279274,0.374578774,0.203517139
3.4429590702,-0.0284855012,0.0560349897,-0.1376668811,-0.6842871904,0.6370197535,0.3108706772
3.4531111717,-0.0711212233,-0.0051010479,-0.1151889563,-0.7775769234,0.9037095308,0.4904716015
3.4631261826,-0.1017414406,-0.0367079303,-0.1250282526,-1.11345613,1.0984494686,0.7008894086
3.4734559059,-0.1362399608,-0.0036803118,-0.1575520039,-1.5935667753,1.200404644,0.8698883057
3.4832649231,-0.1699152887,0.0594485179,-0.2376177907,-2.0786280632,1.2629098892,1.0165717602
3.4933550358,-0.1875778139,0.1443912685,-0.3166351318,-2.5013108253,1.386796236,1.2174209356
3.5033979416,-0.1956063211,0.1946938336,-0.3643754721,-2.8834264278,1.5076671839,1.3895893097
3.5136709213,-0.1871148348,0.1941373348,-0.3636519313,-3.2748951912,1.6029134989,1.5500679016
3.5235929489,-0.1489567012,0.1590206623,-0.3452811837,-3.7625458241,1.6086170673,1.7763572931
3.5336141586,-0.1170014367,0.1536710858,-0.3174800277,-4.3456578255,1.5586414337,2.053609848
3.5437021255,-0.102077581,0.1478943229,-0.2675403953,-4.9773249626,1.4587289095,2.3860647678
3.5539610386,-0.1044235304,0.151992023,-0.2127895355,-5.5524816513,1.3635485172,2.7174444199
3.5638120174,-0.1183673069,0.186997056,-0.1777501106,-5.9943552017,1.2777733803,3.010569334
3.5739741325,-0.1254190952,0.276388526,-0.1425153017,-6.3006076813,1.1811841726,3.2537508011
3.5839481354,-0.125674367,0.3891162276,-0.1004341245,-6.4213681221,1.104121685,3.4767215252
3.5942521095,-0.116279766,0.4483940005,-0.0723215938,-6.3618321419,1.0340441465,3.7155761719
3.6040658951,-0.1070696414,0.4429482222,-0.0411889553,-6.208073616,0.9305166602,3.9055469036
3.6142120361,-0.10430298,0.4585447311,-0.0280636549,-6.0775098801,0.7980464697,4.0817065239
3.6242032051,-0.1077527031,0.4518911839,-0.0026145577,-5.8463983536,0.6419523954,4.2429633141
3.6345360279,-0.1271252036,0.4330068231,0.0071183443,-5.5642547607,0.5054246187,4.4074020386
3.6443710327,-0.1515488029,0.4338240623,0.0133674741,-5.3023080826,0.3589494526,4.5378632545
3.6544270515,-0.1648103297,0.4036563039,0.0404296517,-4.982790947,0.2146631181,4.6014180183
3.6644740105,-0.1655022204,0.3809326887,0.0577232242,-4.6866674423,0.0617269687,4.6713433266
3.6748209,-0.1757528186,0.3730533719,0.0967658162,-4.3434743881,-0.1061533839,4.6648015976
3.6846079826,-0.2076195478,0.3141406178,0.0542042255,-3.988699913,-0.2568532228,4.6741948128
3.6947178841,-0.2113844752,0.2661186457,0.0310137272,-3.7751736641,-0.4778460562,4.6697826385
3.7047472,-0.2080272436,0.2077567577,0.0469385386,-3.6682434082,-0.716232717,4.5815067291
3.7150950432,-0.2225078046,0.1238712147,0.0529589057,-3.3498072624,-0.8667058349,4.5112719536
3.7248780727,-0.2367129028,0.1495229006,0.0911950469,-3.3309209347,-1.0493197441,4.4697666168
3.7350139618,-0.2669105232,0.1604524255,0.0929334164,-3.2257192135,-1.2219614983,4.3772768974
3.7449970245,-0.2922100723,0.0619285181,0.0357370973,-3.0410323143,-1.3410829306,4.2497549057
3.755297184,-0.2902907431,-0.0391246006,-0.0400899649,-2.7076759338,-1.3831938505,4.1795701981
3.7651691437,-0.2635445297,-0.0306308791,-0.0245113373,-2.3838181496,-1.4383760691,4.0700941086
3.7752199173,-0.2767556608,0.0056145261,0.0054066181,-2.1275749207,-1.5656930208,3.8915836811
3.7853140831,-0.2894488275,-0.0050499369,-0.0352194309,-1.9036947489,-1.6582274437,3.7205305099
3.7955641747,-0.2903219163,-0.0964544937,-0.0620990992,-1.768371582,-1.751363039,3.5760450363
3.8054850101,-0.3009296954,-0.1862840652,-0.0578014851,-1.6786422729,-1.7698510885,3.3870141506
3.8154830933,-0.3201992214,-0.2040569782,-0.0331107974,-1.686091423,-1.7828406096,3.1948239803
3.8256058693,-0.3412635028,-0.1948643923,-0.047603488,-1.5820355415,-1.7407544851,3.0005095005
3.8358449936,-0.3302285373,-0.2109144926,-0.0803570747,-1.499940753,-1.7409992218,2.8528985977
3.8457450867,-0.3194501698,-0.2076577544,-0.0761886835,-1.4487893581,-1.7462707758,2.6267197132
3.8557591438,-0.3303405941,-0.2341473699,-0.129573822,-1.3295197487,-1.7292685509,2.4706134796
3.8658690453,-0.3271597922,-0.2325137854,-0.1422712207,-1.2986443043,-1.7322752476,2.2932825089
3.8761119843,-0.3283637464,-0.2654179931,-0.1678962708,-1.1730693579,-1.7068884373,2.1127574444
3.8860092163,-0.317678839,-0.2838488817,-0.1569234133,-1.1158695221,-1.6723417044,1.9641085863
3.8960518837,-0.3303276002,-0.2453816831,-0.1091367006,-1.0527318716,-1.5945907831,1.7613277435
3.9060900211,-0.3505237997,-0.2474995852,-0.15688622,-0.8937237859,-1.4954687357,1.6158714294
3.9163589478,-0.3346981108,-0.232205689,-0.1791256666,-0.8077806234,-1.4543594122,1.4587239027
3.9260411263,-0.3199729621,-0.2211662531,-0.1770136952,-0.7869472504,-1.4128130674,1.2930986881
3.9361000061,-0.3104127347,-0.2503347993,-0.1791559458,-0.7241200805,-1.2995157242,1.1720942259
3.9462399483,-0.2936283052,-0.2726289332,-0.1733592749,-0.7391933203,-1.1856994629,1.0723457336
3.9567861557,-0.2921566665,-0.2658298612,-0.1717068553,-0.7459258437,-1.0527443886,0.9672950506
3.9665651321,-0.2923508584,-0.231998384,-0.1704906225,-0.8242689967,-0.9098940492,0.8484643102
3.9766669273,-0.2912628949,-0.1946613491,-0.2008981705,-0.8213794827,-0.7790470719,0.7327928543
3.986697197,-0.2517494857,-0.1795846224,-0.2522168159,-0.803630352,-0.7444301844,0.6478623748
3.9969081879,-0.2198601663,-0.1458243132,-0.2482039928,-0.7922365665,-0.7164214849,0.5342609882
4.0068259239,-0.2159235775,-0.1402988136,-0.2726501226,-0.7540545464,-0.6975701451,0.4450702965
4.0168309212,-0.2038848698,-0.1383645535,-0.2833172083,-0.67097193,-0.686842382,0.3516162336
4.026966095,-0.1986270845,-0.1290865839,-0.2408758998,-0.4691258371,-0.6008611917,0.2486118376
4.0371670723,-0.2138198316,-0.0931148157,-0.1791650057,-0.2843123078,-0.4132619798,0.130798921
4.0470333099,-0.2290373743,-0.1150704548,-0.1721268892,-0.1017565131,-0.2105235308,0.0597140938
4.0571069717,-0.2130888402,-0.1412665248,-0.1874915361,-0.0326794423,-0.0787662938,-0.0050073778
4.0671539307,-0.1933286488,-0.1264176369,-0.1695887446,-0.0337279066,0.0227221772,-0.0612308979
4.0774421692,-0.1736604273,-0.1319993436,-0.1740937829,-0.0110899694,0.1055816412,-0.0771222487
4.0873727798,-0.13849172,-0.1279075742,-0.1742556691,-0.0201152898,0.1531486958,-0.0930235237
4.0973639488,-0.1112162694,-0.0996836051,-0.1505287886,-0.0184215195,0.1954205185,-0.1216714084
4.10750103,-0.0986291394,-0.0807253048,-0.1398405433,-0.0063216072,0.2643457949,-0.1450001597
4.117729187,-0.0998332128,-0.0685057566,-0.1504275799,0.0662956089,0.3645501435,-0.1715135276
4.1276240349,-0.1010820493,-0.0457280204,-0.1791130304,0.1871275604,0.4448827505,-0.2182226479
4.1376333237,-0.1052078232,-0.0270305499,-0.2079288363,0.3560553193,0.5170365572,-0.2819374204
4.147758007,-0.1142891273,-0.0386767909,-0.2268431187,0.5408570766,0.6020498276,-0.3477749228
4.1580238342,-0.147697717,-0.0436482355,-0.2491272092,0.7371978164,0.706109941,-0.4369639158
4.1678929329,-0.1946475804,-0.0404025838,-0.2795596123,0.9481982589,0.8366242051,-0.5569349527
4.1778898239,-0.2355089486,-0.0592845008,-0.3201277256,1.1335481405,0.9700222015,-0.6885784864
4.1880292892,-0.25286147,-0.1227281019,-0.3298359513,1.2407588959,1.1260193586,-0.8297469616
4.1982822418,-0.257198602,-0.2038270831,-0.3203449845,1.3444119692,1.3157469034,-1.000628233
4.2081260681,-0.2669921219,-0.2347857654,-0.3091618419,1.5451093912,1.511482358,-1.1938288212
4.2181591988,-0.2781512439,-0.2098069489,-0.2986554503,1.9250679016,1.7085690498,-1.4199900627
4.2282710075,-0.2838000357,-0.1751949191,-0.2854470015,2.5281515121,1.8968200684,-1.6727565527
4.2385129929,-0.2804532945,-0.140676558,-0.2824985981,3.3813359737,2.046803236,-1.9457805157
4.2483959198,-0.2759308517,-0.0970690772,-0.2577109337,4.4156427383,2.119715929,-2.2390635014
4.258439064,-0.2728777826,-0.0626395866,-0.2026151419,5.5234289169,2.099596262,-2.5780687332
4.2685580254,-0.279951483,-0.0465477034,-0.1177364588,6.6155824661,2.0410161018,-2.9362015724
4.2787952423,-0.2695336044,-0.0632160828,-0.0188717842,7.5973567963,1.924518466,-3.2412455082
4.288631916,-0.2349752486,-0.0960374996,0.1070642471,8.3550262451,1.7022765875,-3.5154929161
4.2987070084,-0.1849783957,-0.1424620152,0.2255344987,8.9165449142,1.4617452621,-3.7281155586
4.3088340759,-0.1134233102,-0.1917333603,0.3186061382,9.3738737106,1.079718709,-3.8579628468
4.3190488815,-0.0608939752,-0.2137867808,0.4007794857,9.5158004761,0.5385190845,-4.054702282
4.328977108,-0.0242663268,-0.1693322659,0.4611984491,9.4247980118,-0.0774747953,-4.1813397408
4.3389639854,0.0045540691,-0.1572228074,0.4903915524,9.1486139297,-0.7413585186,-4.2442474365
4.3490591049,0.0187943336,-0.1766213477,0.5139752626,8.6830329895,-1.3523993492,-4.2486824989
4.3593411446,0.0048718811,-0.2037945986,0.5176901817,8.0805692673,-1.9336293936,-4.2169661522
4.3692359924,-0.02669462,-0.2093568146,0.5192902088,7.3522362709,-2.4092268944,-4.0896019936
4.379234314,-0.0556180105,-0.2240121365,0.4867748022,6.6734552383,-2.8226399422,-3.9303665161
4.3893709183,-0.0841689333,-0.2173530161,0.4046978354,5.9497771263,-3.1217923164,-3.7625672817
4.3996071815,-0.1080109105,-0.1801923513,0.3318866491,5.3099594116,-3.3743765354,-3.5629127026
4.4094552994,-0.1176024899,-0.1634418964,0.2742313147,4.6150388718,-3.5606191158,-3.3674600124
4.4195041656,-0.1292943358,-0.1501680613,0.2581050992,3.8623900414,-3.630695343,-3.1793656349
4.4295940399,-0.1497322619,-0.1890598536,0.2038627863,3.1574804783,-3.6764764786,-3.0719664097
4.4399290085,-0.1728993058,-0.1614102721,0.1547722816,2.4447710514,-3.6929738522,-3.019765377
4.4497842789,-0.1796075404,-0.0684482083,0.0803759098,1.8528453112,-3.729824543,-2.9962742329
4.4598021507,-0.1806665659,0.0209083632,-0.0078784227,1.4675180912,-3.7236127853,-2.9919259548
4.4699020386,-0.1981154978,0.064609535,-0.0422514677,1.2211188078,-3.6255176067,-2.9143021107
4.4801368713,-0.2155495584,0.0311569348,-0.0011176466,1.1828864813,-3.4268798828,-2.83031106
4.4900021553,-0.2230062336,-0.0089172656,0.0049253106,1.1445726156,-3.2208695412,-2.7548117638
4.5000400543,-0.2145069689,0.0333151594,-0.0105034113,1.0641824007,-3.0757241249,-2.6814546585
4.5101361275,-0.213388145,0.0769957975,-0.0703577995,0.9885140657,-2.9750416279,-2.5985643864
4.5204119682,-0.2427218556,0.1134036556,-0.1133810282,0.9625127912,-2.8250730038,-2.5092918873
4.5302710533,-0.2795346975,0.1302058399,-0.1663679481,0.9322404861,-2.676368475,-2.4455020428
4.540350914,-0.2964321077,0.1727788746,-0.2068454623,0.8787357211,-2.5522861481,-2.3838422298
4.5504050255,-0.2924042344,0.2021015584,-0.2161389589,0.7719650269,-2.4371173382,-2.3158018589
4.5606861115,-0.2817696631,0.2111652493,-0.2392370105,0.6121000051,-2.3489663601,-2.2520091534
4.5705423355,-0.2781642377,0.1990092695,-0.2361134887,0.4781073928,-2.2847802639,-2.1553194523
4.5806102753,-0.2724419534,0.1850634068,-0.2456459403,0.3240312636,-2.2398691177,-2.0586340427
4.5906763077,-0.2691670358,0.2037685215,-0.2435811162,0.2166509777,-2.1679477692,-1.9502664804
4.6009502411,-0.2577846348,0.2051079571,-0.2498434782,0.1604374945,-2.0890665054,-1.8196115494
4.6108102798,-0.2553020418,0.2441712916,-0.2791424394,0.1470367163,-2.0236155987,-1.6911013126
4.6208667755,-0.2676563561,0.2834382057,-0.3107808828,0.164345935,-1.9323165417,-1.5445319414
4.6309809685,-0.2865425646,0.3076553643,-0.3104016781,0.2187073529,-1.8109974861,-1.400079608
4.641269207,-0.2824634612,0.3030381799,-0.3323169947,0.2336602062,-1.6986144781,-1.2715495825
4.6511392593,-0.2532128394,0.3127464652,-0.3562983274,0.1797040552,-1.6313663721,-1.1377142668
4.6611361504,-0.2248020172,0.2973582149,-0.357212007,0.087275587,-1.6640090942,-0.9752517343
4.6712632179,-0.2477110922,0.2890041173,-0.1770338416,-0.336853534,-0.856928885,-0.6328427792
4.6815481186,-0.4829219878,0.1760672778,-0.5718521476,0.0293079205,-0.199853301,-0.1070170999
4.6914010048,-0.4498634636,0.5927639008,-0.5934774876,-0.5238109827,0.3523781002,-0.2711782753
4.7014641762,-0.3096394837,0.3280773163,-0.7367388606,-0.1067418754,0.4945770502,-0.0142578008
4.7115402222,-0.1644124091,0.290617913,-0.7773323655,-0.6031100154,0.6279374361,0.2736819088
4.7217922211,-0.1748425663,0.4287403524,-0.7352366447,-0.5956774354,0.6191215515,0.0506978296
4.731637001,0.0421821848,0.3281941414,-0.614633739,-0.754003346,0.3423864543,0.1323582679
4.7417120934,0.1317802966,0.2590252161,-0.4446991086,-0.7582870126,0.2372658998,0.1269978583
4.7517771721,0.0864297226,0.1802924573,-0.3093289733,-0.6949231029,0.3071856797,0.1875386387
4.7619600296,0.0586706176,0.1815404147,-0.1971226335,-0.6425536275,0.4099719524,0.2587172091
4.771873951,0.0250185337,0.0952054039,-0.1448681951,-0.6543572545,0.528293848,0.357526809
4.7819581032,-0.0163557921,0.0192662552,-0.1159582138,-0.8343131542,0.7115579844,0.5519732833
4.7919940948,-0.0596465394,0.0090616709,-0.1052932739,-1.2323977947,0.8291538358,0.7315773964
4.8023347855,-0.0748142079,0.0111532276,-0.1142610312,-1.6436370611,0.8744112849,0.9005305171
4.8121509552,-0.0821816847,0.0548551753,-0.1519999504,-2.0165941715,0.9338243604,1.0737287998
4.822262764,-0.0987317637,0.1266242564,-0.2038143277,-2.257604599,1.0302950144,1.2203663588
4.8323392868,-0.1111505106,0.1947154999,-0.2411130667,-2.4188623428,1.1526392698,1.3223998547
4.8426141739,-0.1077570841,0.2170565426,-0.2491067052,-2.5468151569,1.2553406954,1.4594557285
4.8523731232,-0.0904012844,0.2013332844,-0.2436615229,-2.7200849056,1.3038477898,1.645339489
4.8625478745,-0.0851470307,0.1877840757,-0.2226019502,-3.0017337799,1.3047347069,1.833349824
4.8725380898,-0.082017839,0.1835391223,-0.1934230328,-3.3546814919,1.2860101461,2.0383570194
4.8828859329,-0.0801771358,0.1901293397,-0.1771853566,-3.7652122974,1.2637096643,2.260365963
4.8926711082,-0.0896219239,0.2069134116,-0.1480811834,-4.1427059174,1.2447003126,2.4547624588
4.9027729034,-0.0935189649,0.2326888442,-0.1382913589,-4.4654655457,1.194239974,2.6342630386
4.9128088951,-0.0928127244,0.2834239006,-0.1154298782,-4.6559605598,1.1501646042,2.8020534515
4.9230818748,-0.1043407246,0.3658388853,-0.1046461463,-4.8131670952,1.0874875784,3.0016803741
4.9329771996,-0.1203845739,0.3983186483,-0.0974258184,-4.8851084709,1.035030365,3.1896095276
4.9429712296,-0.1271373928,0.3714979887,-0.0859540105,-5.0176167488,0.9541845322,3.3361310959
4.9531183243,-0.1241807416,0.3593088388,-0.0608434677,-5.193482399,0.8336920738,3.4815826416
4.9633660316,-0.1235327944,0.3458524942,-0.0257014036,-5.233941555,0.7284399271,3.6673550606
4.9732561111,-0.1369934082,0.3075099587,-0.0090529919,-5.3019471169,0.6027662754,3.8499386311
4.9836001396,-0.1420315504,0.2713418603,0.0250644088,-5.1790752411,0.4901337028,3.986823082
4.9933791161,-0.1402956098,0.3067238927,0.0394155383,-5.1156907082,0.351708591,4.1534404755
5.0036239624,-0.1405633688,0.3596603274,0.0477564335,-4.8508429527,0.2349414974,4.2796692848
5.0135507584,-0.1514980495,0.3399372697,0.0618753433,-4.6757450104,0.1278822124,4.3878760338
5.0235519409,-0.1581581235,0.3111355901,0.1122518778,-4.5612812042,-0.0011346184,4.4642319679
5.0336809158,-0.1692564785,0.2455784082,0.1227609515,-4.3872532845,-0.1141640395,4.4715638161
5.0438919067,-0.1830741465,0.2373308539,0.1105235219,-4.2769608498,-0.2563517988,4.4863295555
5.0537600517,-0.1816738546,0.2288084626,0.1128460765,-4.1932373047,-0.4105331004,4.4872927666
5.0638680458,-0.1871457994,0.1593911648,0.1186365485,-4.0115084648,-0.5504936576,4.4224071503
5.0739040375,-0.1931812465,0.123923786,0.1001631021,-3.8214271069,-0.672391057,4.3500957489
5.0842051506,-0.1976941526,0.1715955138,0.0584673285,-3.6294584274,-0.8759764433,4.2777428627
5.0940060616,-0.1995860636,0.1932531595,0.0305577517,-3.3785839081,-1.1026471853,4.166077137
5.1041498184,-0.2084430754,0.1174550131,-0.0108542442,-3.0013124943,-1.2687373161,4.0629038811
5.1141529083,-0.2129069865,0.077372916,0.0164005756,-2.6920790672,-1.3547716141,3.9608495235
5.1244592667,-0.2429801524,0.0557446554,0.0486709476,-2.2943060398,-1.4380487204,3.8375382423
5.1342720985,-0.259470135,0.0376478508,0.0575147271,-2.0643744469,-1.4931721687,3.7004811764
5.1444339752,-0.2767598927,0.0077452729,0.0135825872,-1.8301566839,-1.5515856743,3.5411226749
5.1544208527,-0.266574651,-0.0777622387,-0.0670966506,-1.5713313818,-1.6160937548,3.3902475834
5.1647491455,-0.2516010702,-0.1128915474,-0.0711861253,-1.3935695887,-1.6868730783,3.2001051903
5.1745481491,-0.2599128783,-0.1110151932,-0.0722728372,-1.2617111206,-1.7559541464,3.0067920685
5.1846618652,-0.2703051269,-0.1420150995,-0.0422975421,-1.164036274,-1.8209142685,2.8400323391
5.1946940422,-0.2926457822,-0.2147989273,-0.0151238441,-1.1271156073,-1.7877073288,2.6754589081
5.2050390244,-0.3250674903,-0.2519178391,-0.0183359981,-1.1302964687,-1.6933780909,2.5003099442
5.2148113251,-0.3314547241,-0.2679864764,-0.0721763372,-1.0625015497,-1.6513391733,2.3474152088
5.2249507904,-0.3004052341,-0.2723936439,-0.0854507685,-0.977501452,-1.6230195761,2.1828289032
5.2349681854,-0.2757902443,-0.2556909919,-0.1040024161,-0.8931452632,-1.637169838,2.0150356293
5.2452778816,-0.2744209468,-0.2285175622,-0.0889549851,-0.9293174148,-1.6576441526,1.8525793552
5.2550940514,-0.298278302,-0.2301230431,-0.0769100785,-0.9161423445,-1.5970590115,1.6880284548
5.2652320862,-0.3015494645,-0.2913699448,-0.1272930503,-0.9124831557,-1.5425697565,1.5776276588
5.2752280235,-0.2904824913,-0.294295758,-0.1187794209,-0.913430512,-1.456487298,1.4364504814
5.2855892181,-0.2875238955,-0.2721807361,-0.1216647625,-0.896252811,-1.3668982983,1.3207547665
5.295363903,-0.2869772017,-0.2433214784,-0.1145100594,-0.8653793335,-1.2603023052,1.1912609339
5.3054733276,-0.2878461778,-0.2282727957,-0.1333453655,-0.7939304709,-1.1554254293,1.0691883564
5.3154969215,-0.2725271285,-0.2151727378,-0.1797411442,-0.6794822812,-1.0808897018,0.9555842876
5.3258171082,-0.2460540235,-0.2018027902,-0.2027097344,-0.5552013516,-1.0296742916,0.8324096203
5.3356361389,-0.2338335216,-0.1776413918,-0.1984871626,-0.4384613037,-0.972205162,0.7018062472
5.3457708359,-0.2261547148,-0.1921186447,-0.1963171363,-0.3815729618,-0.9033113122,0.6136968732
5.3557691574,-0.228066653,-0.1996452212,-0.1626898646,-0.3474227786,-0.8029578328,0.4990656078
5.3661231995,-0.2218636572,-0.2148442268,-0.1880944967,-0.289488107,-0.7307262421,0.433255434
5.3759021759,-0.1920568049,-0.1818544269,-0.1689605713,-0.2992729247,-0.7175427079,0.3525671959
5.3859739304,-0.176754266,-0.1563450694,-0.1258327961,-0.2754544318,-0.6487924457,0.2867639363
5.3960261345,-0.1760947406,-0.1626189351,-0.1061473489,-0.2129291594,-0.50225842,0.2188667357
5.4062819481,-0.198124975,-0.1479557157,-0.1004818082,-0.1576147676,-0.2763014734,0.1361452192
5.4161958694,-0.2028001249,-0.1757331192,-0.1510287523,-0.1000079885,-0.065047957,0.0735895634
5.42623806,-0.1852269471,-0.1922926903,-0.2146629095,-0.0493559986,0.0952463821,0.0163196158
5.4363188744,-0.1708492339,-0.1645101011,-0.2418513298,-0.0430487543,0.2073701918,-0.046272859
5.4467601776,-0.1674639881,-0.1156346723,-0.2288515568,-0.0079216603,0.3198141754,-0.0982537642
5.4565238953,-0.1426293552,-0.1019850299,-0.2211896777,0.0085768895,0.3760296404,-0.1237123832
5.4663939476,-0.1149606928,-0.0914092287,-0.1866568923,0.0485221744,0.4344828427,-0.1629799008
5.4764032364,-0.0971328244,-0.0820029303,-0.1733385921,0.1342740208,0.501865685,-0.1958830506
5.4866709709,-0.0929402933,-0.0571631119,-0.1541310549,0.2242838144,0.5691757798,-0.245776847
5.4966011047,-0.0936634764,-0.0665345713,-0.1449578404,0.3396503031,0.6622229218,-0.2882325053
5.5066022873,-0.1002112255,-0.0752102956,-0.1547611952,0.4549515843,0.7603873014,-0.3593532741
5.516810894,-0.1087698564,-0.0763956532,-0.1750230193,0.6034479737,0.8470996022,-0.4411053956
5.5271859169,-0.1130593643,-0.0965885445,-0.2164127231,0.7754897475,0.9265422225,-0.530300498
5.5369663239,-0.1220388636,-0.1269105673,-0.2461099029,0.9561024308,1.0017188787,-0.6343656182
5.5470190048,-0.1356535852,-0.1451416612,-0.2514411807,1.1760467291,1.0908391476,-0.7681636214
5.5571289062,-0.1559658349,-0.1522020698,-0.2491955757,1.4780496359,1.1900464296,-0.9295844436
5.5673723221,-0.1784349978,-0.1397679448,-0.244053185,1.9197702408,1.2966743708,-1.1165200472
5.5772447586,-0.2071207464,-0.1065258905,-0.2309065461,2.5205476284,1.3981577158,-1.3289805651
5.587305069,-0.2291887701,-0.0659165308,-0.2060447335,3.2292847633,1.4813747406,-1.5584675074
5.5974411964,-0.2418070734,-0.0456592962,-0.1670501828,3.9715390205,1.5202161074,-1.8039133549
5.6076540947,-0.245396167,-0.0501600429,-0.1040886045,4.6413226128,1.5488109589,-2.0589008331
5.6175031662,-0.2313377559,-0.0909295902,-0.0343185663,5.2161579132,1.5745095015,-2.3053710461
5.6275920868,-0.1937316358,-0.14162606,0.0400949717,5.6612782478,1.5524630547,-2.5401527882
5.637720108,-0.1424406469,-0.1783079505,0.1117012501,5.9536952972,1.4336537123,-2.764326334
5.6479229927,-0.1011522636,-0.2020102143,0.1753762364,6.1700210571,1.2398540974,-2.995950222
5.6578450203,-0.0719906911,-0.226561904,0.2226708531,6.3490514755,1.0440075397,-3.1659810543
5.6678647995,-0.0570873842,-0.2306867242,0.2633816004,6.5542631149,0.7922488451,-3.3211815357
5.6779499054,-0.0643272027,-0.2155597806,0.2927352786,6.6924085617,0.5228229165,-3.4923007488
5.6882152557,-0.0664839968,-0.1779654622,0.3089231849,6.8660488129,0.228552103,-3.615660429
5.6980581284,-0.0561400279,-0.1466292441,0.3169033527,6.9622950554,-0.113762565,-3.6806263924
5.7081260681,-0.0421079025,-0.1113652512,0.3395841122,6.9725203514,-0.4958271086,-3.7052412033
5.7182469368,-0.0253510717,-0.0904211923,0.3695053458,6.906897068,-0.8665103912,-3.6724920273
5.7284369469,-0.0068726181,-0.0932632908,0.3807510138,6.7795567513,-1.253349781,-3.5940797329
5.7383937836,0.0005472661,-0.0891965553,0.3643170595,6.5128626823,-1.5763391256,-3.4635732174
5.7483921051,0.0072504641,-0.1256399453,0.3536189795,6.2707738876,-1.9007664919,-3.2608702183
5.7585277557,0.0124974614,-0.1794736981,0.3396425843,5.9769716263,-2.1757130623,-3.048571825
5.7687540054,0.0157440063,-0.2005819082,0.3260464668,5.6855931282,-2.4816026688,-2.8660213947
5.7785930634,0.0184010621,-0.1782902777,0.3447291851,5.2508206367,-2.6445932388,-2.7077856064
5.7886638641,-0.0035728454,-0.1111645624,0.3048001528,4.8347291946,-2.7567594051,-2.5909380913
5.798760891,-0.0391032919,-0.0608301088,0.3003377318,4.4059376717,-2.8808894157,-2.5016994476
5.8090028763,-0.0560458526,-0.0316946134,0.2533740401,4.043381691,-3.0178442001,-2.5154790878
5.8188738823,-0.0753475055,0.0664053038,0.1657162905,3.565320015,-3.132733345,-2.5706293583
5.8289299011,-0.0904577598,0.1408486664,0.0979960561,3.1168582439,-3.2186248302,-2.6119685173
5.8390083313,-0.1043340191,0.1128046289,0.0641391277,2.6562833786,-3.2651195526,-2.6161215305
5.849296093,-0.100661926,0.0098266965,0.0392599106,2.0822708607,-3.2783939838,-2.5809431076
5.8591623306,-0.0856370553,-0.0902228579,0.0244415998,1.494935751,-3.3470239639,-2.55534482
5.8692240715,-0.0873509273,-0.1129577979,-0.0116604567,0.9222423434,-3.3858015537,-2.5276119709
5.8792552948,-0.1137201414,-0.0716157779,-0.0170467496,0.5816344023,-3.3660917282,-2.4659318924
5.8895611763,-0.1579263508,-0.0151340151,-0.0257192254,0.3847711086,-3.2047994137,-2.363868475
5.8994159698,-0.1920754313,0.0386155173,-0.0039429665,0.3723349571,-3.0263469219,-2.3181180954
5.9094667435,-0.2160044611,0.0874409005,-0.0321247578,0.4185650349,-2.8464932442,-2.298927784
5.9195771217,-0.2141855061,0.1515722424,-0.0572301745,0.4942849576,-2.7319130898,-2.2404916286
5.9298171997,-0.217149511,0.2098640054,-0.0979810357,0.5018334389,-2.6295390129,-2.1724872589
5.9396810532,-0.2322200835,0.195270285,-0.1112265587,0.5294021368,-2.5015523434,-2.1087214947
5.9497680664,-0.2429700047,0.1502941549,-0.1407436132,0.5151473284,-2.3525767326,-2.0247614384
5.9599080086,-0.2561232448,0.1533779055,-0.1682001352,0.4457356334,-2.2368927002,-1.9280633926
5.9701280594,-0.260868758,0.1831467897,-0.1828590035,0.3639483452,-2.1649472713,-1.8504953384
5.979970932,-0.2587157786,0.1979427338,-0.2127812505,0.2681748271,-2.0826175213,-1.7888453007
5.9901409149,-0.253734082,0.2296269834,-0.2200006247,0.1745042503,-1.995865345,-1.7027724981
6.0001139641,-0.2474119067,0.2005225867,-0.2062214017,0.1530932039,-1.8764977455,-1.5933412313
6.0103821754,-0.2442283332,0.1968284249,-0.208386004,0.0805888921,-1.7702602148,-1.4764717817
6.0202188492,-0.2383247316,0.2159810811,-0.2333276868,0.048805669,-1.6818226576,-1.3776729107
6.0302948952,-0.2306276709,0.2302398384,-0.2506748438,0.0405240357,-1.5952819586,-1.2756948471
6.0403561592,-0.2210726589,0.2573563159,-0.2652323246,0.085655801,-1.5147240162,-1.1864751577
6.0506911278,-0.2094080001,0.2916402817,-0.2964109778,0.1043511927,-1.4588508606,-1.104693532
6.0605039597,-0.1976810098,0.3038463891,-0.2993539572,0.1282784492,-1.3923078775,-1.0207836628
6.0706210136,-0.1878473312,0.2820310593,-0.3013151884,0.1072562486,-1.3134306669,-0.9379185438
6.0806760788,-0.1702165604,0.2678269744,-0.2867169976,0.1044383049,-1.2419316769,-0.8720516562
6.0909590721,-0.1392722726,0.2573971748,-0.2936146855,0.0888425708,-1.2787081003,-0.7956165671
6.1008052826,-0.1244886443,0.2474132776,-0.1796662211,-0.166795671,-0.7827848792,-0.5553365946
6.110886097,-0.2454349995,0.110651724,-0.4279561043,-0.0773763135,-0.3113339841,-0.1367750615
6.1209049225,-0.2503811717,0.3920940161,-0.4175841212,-0.4169639349,0.1392858177,-0.0600138381
6.1311950684,-0.2160827816,0.3153834641,-0.5436845422,-0.1828467697,0.3133252561,-0.0451211743
6.1410059929,-0.1172553524,0.2992800474,-0.5926516056,-0.4591785371,0.3176574111,0.1758042872
6.1510539055,-0.0955581889,0.4025942087,-0.5312398076,-0.4779982865,0.3794472814,0.0760308132
6.1611843109,0.0055602253,0.2555064261,-0.4536257386,-0.6124456525,0.2734932601,0.1174231246
6.1714582443,0.1007085517,0.1894242465,-0.3387126327,-0.611587584,0.1874896884,0.1078237668
6.1813049316,0.075917609,0.2111515552,-0.2643830776,-0.5277499557,0.234965995,0.1163201854
6.1913909912,0.0088090366,0.2444934994,-0.2052882314,-0.3747569621,0.4152031541,0.2140568495
6.2014369965,-0.0526691303,0.1627834439,-0.1676067114,-0.3567667305,0.649569869,0.3320287764
6.2117199898,-0.0726167187,0.0857785568,-0.1323267221,-0.5466629267,0.8643655181,0.4935777187
6.2216200829,-0.0710335001,0.0521727428,-0.1168410182,-0.9288211465,0.9894875884,0.6668098569
6.2316069603,-0.0815040991,0.0509778187,-0.129663825,-1.400249362,1.0754153728,0.8071299195
6.2416992188,-0.0989138857,0.0991399214,-0.1819005013,-1.9099469185,1.1485173702,0.9846165776
6.251991272,-0.1179432496,0.1620011628,-0.2249769568,-2.3464953899,1.2711730003,1.1780360937
6.2618541718,-0.1319394112,0.1955852807,-0.2735117674,-2.7370381355,1.3801443577,1.3268427849
6.2719287872,-0.1281034052,0.2258468568,-0.2781527042,-3.1123232841,1.4562386274,1.4575773478
6.2819771767,-0.1110441014,0.2247726321,-0.2607017756,-3.4926259518,1.5028771162,1.6339546442
6.2922859192,-0.0955262557,0.2028482258,-0.227663815,-3.9302694798,1.5238723755,1.8602395058
6.302090168,-0.0854824558,0.1813871861,-0.1894826889,-4.3804268837,1.5173280239,2.1109359264
6.3122262955,-0.0808106214,0.171374023,-0.1487433314,-4.8417425156,1.4534848928,2.3764710426
6.3222513199,-0.0920318291,0.192042172,-0.1312699318,-5.2303853035,1.377301693,2.6048178673
6.3325691223,-0.1076690406,0.2428815365,-0.1058052778,-5.4994525909,1.2980979681,2.8607401848
6.3423547745,-0.1210595593,0.2828587294,-0.0882281065,-5.6426978111,1.2282595634,3.0826587677
6.3524923325,-0.1188378409,0.3196806908,-0.0365300179,-5.8235020638,1.1793991327,3.3173377514
6.3624901772,-0.0949471444,0.3362306356,-0.0139234662,-5.9577794075,1.0649582148,3.521178484
6.3728570938,-0.0833325833,0.3110460639,0.0343545675,-6.0814824104,0.95768255,3.6708700657
6.382627964,-0.0767587572,0.3127219677,0.0744816661,-6.1386489868,0.813813746,3.8152186871
6.3927049637,-0.074979268,0.3325446844,0.0892119408,-6.0305461884,0.6816895008,3.9117488861
6.4027600288,-0.0740183368,0.3501484394,0.0948958397,-5.7868666649,0.5466091037,4.0241699219
6.4130301476,-0.0719027147,0.3776181936,0.1015814543,-5.5171604156,0.3703800142,4.1376256943
6.4229650497,-0.0801037177,0.3565413952,0.1152030826,-5.151828289,0.2339987308,4.2128515244
6.4329781532,-0.084734045,0.3004331589,0.1136202812,-4.7637038231,0.0595675446,4.2806210518
6.4430971146,-0.0970501527,0.2980322838,0.1327144504,-4.4269080162,-0.1083280519,4.2804527283
6.453318119,-0.1184318885,0.277788341,0.1266412735,-3.9934396744,-0.2342308611,4.244178772
6.4632239342,-0.1320854127,0.2703446746,0.1240189672,-3.5898058414,-0.3658103645,4.1909203529
6.473200798,-0.1465135813,0.2612163424,0.1087255478,-3.3228237629,-0.494553715,4.1047825813
6.4833431244,-0.162364006,0.2049788237,0.0775616169,-3.0704975128,-0.6520946622,4.0154480934
6.4935760498,-0.1671182215,0.1537773013,0.0939224958,-2.9697546959,-0.805654943,3.9261546135
6.5033187866,-0.1840246618,0.0836761072,0.0999311805,-2.8748471737,-0.9105802774,3.8177747726
6.5133228302,-0.2023431361,0.0371050909,0.0843875408,-2.8077578545,-1.0071007013,3.7338273525
6.5234599113,-0.2027401626,0.0112143224,0.071082294,-2.6233296394,-1.0983864069,3.6445438862
6.5340108871,-0.2046718895,0.0107118553,0.0596773028,-2.4590601921,-1.2015699148,3.5478279591
6.5437488556,-0.2090176642,0.0449852422,0.049923718,-2.2638728619,-1.3023868799,3.4468562603
6.5537719727,-0.208068043,0.0254578665,0.037201643,-2.1020157337,-1.3779740334,3.3544008732
6.5639071465,-0.2125109732,-0.0267704055,0.0404917002,-1.8834518194,-1.3642240763,3.2173800468
6.5741357803,-0.2233488858,-0.0448390767,0.061136663,-1.7541908026,-1.3828866482,3.1111578941
6.5839748383,-0.2326502502,-0.063028805,0.0738055706,-1.6247956753,-1.416611433,2.9730746746
6.5941038132,-0.2246357501,-0.1147372648,-0.0099433661,-1.4973518848,-1.4659579992,2.8827645779
6.6041069031,-0.2047387064,-0.1343335509,0.0158157945,-1.4607541561,-1.5047448874,2.7436411381
6.6144428253,-0.2126621306,-0.1653703451,0.0160987377,-1.4635949135,-1.5480645895,2.6130187511
6.6242260933,-0.2230832875,-0.1961987615,0.0082358122,-1.4436540604,-1.5222344398,2.4792394638
6.6343202591,-0.2292836607,-0.2074563503,-0.0314700603,-1.4162276983,-1.4973520041,2.3528909683
6.6443853378,-0.2312945426,-0.2098165154,-0.0510171056,-1.3096534014,-1.4910516739,2.1999685764
6.6547613144,-0.220286876,-0.2062647343,-0.0761838555,-1.1812294722,-1.5343205929,2.0640041828
6.6644878387,-0.2071324289,-0.1957378387,-0.0842855573,-1.0612895489,-1.5829404593,1.9322855473
6.6746349335,-0.2212775052,-0.1676666737,-0.0235386491,-0.9944146276,-1.5569707155,1.7570847273
6.684633255,-0.2528134286,-0.2030804753,-0.0618054867,-0.8300127387,-1.4606102705,1.6689616442
6.6949768066,-0.2309288085,-0.2389585376,-0.0803013444,-0.8281826377,-1.4357577562,1.572349906
6.7047672272,-0.221885711,-0.2700815797,-0.0921513438,-0.7892900109,-1.3843451738,1.4311469793
6.7148900032,-0.2100552022,-0.2924967706,-0.1381111145,-0.7374635935,-1.3431255817,1.3366543055
6.7248449326,-0.2005376518,-0.265190959,-0.1432487369,-0.7004476786,-1.3171536922,1.2018096447
6.7352638245,-0.203006655,-0.2477555871,-0.1396822929,-0.7050991654,-1.286184907,1.0754722357
6.7450370789,-0.2176140845,-0.2498527169,-0.1287713051,-0.6316013932,-1.1727585793,0.9597728848
6.755179882,-0.2279443443,-0.2430803478,-0.1293471456,-0.5987933874,-1.0447436571,0.8578957915
6.7651791573,-0.2291704714,-0.2371871173,-0.1464784145,-0.5320011973,-0.8993926048,0.7655754685
6.7753720284,-0.2027746141,-0.2242338955,-0.1633497477,-0.5190372467,-0.8139256239,0.6743001938
6.7853388786,-0.1809768379,-0.2033395171,-0.1807993054,-0.4876012802,-0.7611843944,0.5840656161
6.795372963,-0.1619145572,-0.1966908574,-0.1673915982,-0.4978323579,-0.703446269,0.5023385286
6.8054919243,-0.1632464826,-0.1857995987,-0.1517394185,-0.4528246224,-0.6185185909,0.4482179582
6.8157320023,-0.1537693441,-0.1500465274,-0.1210897565,-0.5013673306,-0.5705472827,0.3845463097
6.8256468773,-0.1530366838,-0.1303881407,-0.0803855658,-0.4650025964,-0.4738990366,0.3495467603
6.8356671333,-0.1328227818,-0.1185865924,-0.0616229773,-0.3879176676,-0.3926585019,0.3378879726
6.845746994,-0.1112043485,-0.0985879228,-0.0618112683,-0.265853703,-0.3269557357,0.3240867555
6.8560051918,-0.0940899476,-0.0496467277,-0.0366443396,-0.1660820842,-0.2743050456,0.291171968
6.8659219742,-0.0798040852,-0.0338047668,-0.0492992401,-0.0467314534,-0.2574000657,0.2826543748
6.8759098053,-0.0577090606,-0.0430141017,-0.0439862013,0.0629963726,-0.2396716923,0.2507813871
6.8860459328,-0.0643902048,-0.0530149266,-0.0438970923,0.1180193126,-0.1960589588,0.1934512407
6.8962440491,-0.0871154293,-0.0667229816,-0.0468857884,0.148112759,-0.1133212149,0.1488893777
6.9060821533,-0.1011457071,-0.1050662324,-0.0536107421,0.1075628549,-0.0088289566,0.1181610897
6.9161791801,-0.0986712202,-0.11959254,-0.0672883391,0.0372636616,0.0815552697,0.0789375231
6.926279068,-0.0747120604,-0.1345411539,-0.088557601,0.0152713032,0.1448834389,0.0566771589
6.9365310669,-0.0420431718,-0.124377422,-0.0888870955,0.0138920518,0.1744021773,0.0290854778
6.9464483261,-0.0259774569,-0.1105602905,-0.090485394,0.0540121756,0.2159488946,0.0004271353
6.9564571381,-0.0226185564,-0.1026942655,-0.0942435861,0.132502988,0.2620194554,-0.0367327482
6.9665269852,-0.0250978712,-0.0969097242,-0.0990995169,0.2439334691,0.3221374452,-0.0792030469
6.9768462181,-0.0304891709,-0.0990151688,-0.1128045917,0.3564631939,0.3790816963,-0.1216751412
6.9866280556,-0.033848308,-0.1120021269,-0.1353138685,0.47114411,0.4338530004,-0.1747665256
6.9968419075,-0.0547095761,-0.1184655651,-0.1618685722,0.5974421501,0.4991571605,-0.2554626763
7.0068640709,-0.0939876661,-0.0986617133,-0.1918745041,0.7405993342,0.5834677815,-0.3733182251
7.0170578957,-0.1222862825,-0.1222712919,-0.2267724276,0.9020214677,0.6562919021,-0.4869353473
7.0269889832,-0.1512184441,-0.166598022,-0.250671804,1.0740641356,0.7344707847,-0.6069212556
7.0369949341,-0.2033469975,-0.1864216924,-0.2602257729,1.3043022156,0.859557569,-0.7714961171
7.0470662117,-0.2648772895,-0.1760353446,-0.2670602202,1.6419752836,1.0183824301,-0.9509490728
7.0573482513,-0.3123491108,-0.1420865059,-0.2523780465,2.1031816006,1.2024815083,-1.1622722149
7.0672669411,-0.3348376453,-0.109842889,-0.2390189171,2.7285585403,1.403798461,-1.3938016891
7.077272892,-0.3303142488,-0.0731912777,-0.2233225107,3.5119326115,1.5989443064,-1.6444877386
7.0873951912,-0.2992984951,-0.0408582613,-0.1879642606,4.4153842926,1.7388389111,-1.9047883749
7.0976209641,-0.2541148961,-0.0273664519,-0.1333957911,5.3527092934,1.8005493879,-2.158765316
7.10750103,-0.197173208,-0.0405006334,-0.0618709922,6.227101326,1.7535462379,-2.4021615982
7.1175317764,-0.1449142992,-0.0810455903,0.0329321027,6.9700512886,1.616132617,-2.6657450199
7.1276702881,-0.1077333316,-0.1216485426,0.1275421381,7.5067157745,1.4049358368,-2.9027683735
7.1378850937,-0.0828660354,-0.1562024355,0.229462862,7.8784270287,1.1477874517,-3.1312777996
7.1478052139,-0.0722500905,-0.1795020998,0.3222624063,8.1186418533,0.917591691,-3.2811682224
7.1578021049,-0.058178924,-0.1950716376,0.3784857988,8.2839717865,0.5974083543,-3.4618759155
7.1679372787,-0.0468731746,-0.1767004132,0.41003263,8.3738231659,0.2502724528,-3.6064755917
7.1781549454,-0.0242864732,-0.1554334164,0.4256133437,8.36191082,-0.1620421559,-3.6841897964
7.1880550385,0.0002116324,-0.1516019106,0.4427056313,8.1797904968,-0.6252502203,-3.6907470226
7.198071003,0.0140249496,-0.1856999397,0.4625232816,7.8793888092,-1.1041196585,-3.6622412205
7.2082080841,0.0126848584,-0.2369509041,0.4667869806,7.465549469,-1.549803853,-3.5997121334
7.2184290886,0.0017276765,-0.2494578958,0.4344825745,6.9286799431,-1.9645909071,-3.5159008503
7.2283039093,-0.0266421083,-0.2045591176,0.3902308941,6.3731718063,-2.3272643089,-3.3885240555
7.238339901,-0.056087397,-0.1432672143,0.3404732347,5.7751765251,-2.6008088589,-3.2048177719
7.2484397888,-0.0832863078,-0.0903787538,0.3137637973,5.1685905457,-2.7605855465,-2.9743344784
7.2586970329,-0.0994105563,-0.1087142155,0.2889187336,4.4921331406,-2.8700549603,-2.7459306717
7.268611908,-0.1023104414,-0.1434882283,0.2687162161,3.7419617176,-2.974001646,-2.5482981205
7.2786083221,-0.0907605514,-0.1699571311,0.2180091143,2.922137022,-3.0523691177,-2.4026627541
7.2887449265,-0.0789287314,-0.1506909728,0.1830249429,2.2724752426,-3.1817014217,-2.3271739483
7.2989640236,-0.0845089778,-0.0702892765,0.078986764,1.6371232271,-3.2506885529,-2.2920076847
7.3088421822,-0.1150619015,0.0404938534,0.0513168573,1.2847144604,-3.2259511948,-2.256865263
7.3188772202,-0.137970835,0.0923774019,0.0108454227,1.0007126331,-3.1050469875,-2.2110753059
7.3290147781,-0.143055439,0.095982559,0.0171924233,0.8774582148,-2.9457798004,-2.1929149628
7.3392162323,-0.1227182373,0.0750576332,-0.0064464808,0.7493790984,-2.8399214745,-2.2225599289
7.3491392136,-0.0910367295,0.1364577413,-0.0190628767,0.6899973154,-2.7726550102,-2.2416229248
7.3591389656,-0.0749588236,0.1549342871,-0.0491525531,0.7548849583,-2.7543885708,-2.2936582565
7.3692469597,-0.079609178,0.206264466,-0.1278580427,0.7543576956,-2.7060315609,-2.3626520634
7.3795089722,-0.0960604474,0.2373920381,-0.1433871984,0.8261336088,-2.6268904209,-2.363692522
7.3894119263,-0.1025630608,0.1868236363,-0.1039291024,0.9140051603,-2.5536642075,-2.3169589043
7.3994150162,-0.0969738588,0.1411687136,-0.1140115261,0.8908593655,-2.4782655239,-2.2765669823
7.4094829559,-0.0980495363,0.1503776461,-0.1202409863,0.8124730587,-2.4265143871,-2.2085652351
7.4197711945,-0.1047424227,0.1574724615,-0.095557332,0.699813664,-2.3610670567,-2.1097567081
7.4296913147,-0.1200031862,0.1348123848,-0.1098731756,0.5658498406,-2.3024544716,-2.0544812679
7.4397511482,-0.1390972733,0.146192655,-0.1117523313,0.3837140799,-2.2282853127,-1.9896281958
7.4497728348,-0.1429512948,0.1569667906,-0.1076563597,0.2550985515,-2.1707305908,-1.9407235384
7.4600982666,-0.1477786005,0.1851858646,-0.1376754642,0.1670107991,-2.1107063293,-1.8928902149
7.4699277878,-0.15145275,0.2156536728,-0.1487857103,0.1952883601,-2.0538480282,-1.8355315924
7.4799461365,-0.1596093774,0.247844249,-0.1973156929,0.2631840706,-2.0104789734,-1.7845607996
7.4912471771,-0.1734906733,0.2875289023,-0.2433145046,0.3417384624,-1.9648336172,-1.7240339518
7.5009870529,-0.1930173337,0.3124025166,-0.2612441778,0.4307428896,-1.8955302238,-1.6295218468
7.5108642578,-0.1992435455,0.2906647325,-0.2334235907,0.4583404362,-1.7671840191,-1.5105420351
7.5209879875,-0.19640176,0.26808846,-0.213558495,0.4411478639,-1.6423970461,-1.3894301653
7.5310091972,-0.1758807451,0.245948121,-0.2194815278,0.3850120306,-1.5731650591,-1.2747106552
7.5410490036,-0.1545720249,0.2620636225,-0.2441310287,0.2831687629,-1.5213344097,-1.16316998
7.5504512787,-0.1478776634,0.2607512176,-0.2516060472,0.1918099225,-1.4502786398,-1.0463126898
7.5603899956,-0.1511642039,0.243974179,-0.2495408058,0.1150834411,-1.3482738733,-0.9220117331
7.5704460144,-0.1538110077,0.2418070734,-0.2622184753,0.0360890217,-1.2336320877,-0.80938375
7.5807290077,-0.1500070095,0.2601821125,-0.2758958936,-0.0323624723,-1.1061718464,-0.6978138089
7.5905761719,-0.1422950327,0.2757838964,-0.2642974257,-0.1358046681,-1.1073397398,-0.5756821632
7.6005821228,-0.1351101398,0.2521710396,-0.1979951262,-0.3772771955,-0.6434431076,-0.3842653632
7.6108617783,-0.2037349641,0.1987476796,-0.4607982635,-0.2392597795,-0.1299970001,-0.0994806141
7.6211891174,-0.2360019088,0.5195921063,-0.5224385858,-0.2785142362,0.1693044901,-0.0356132239
7.6308321953,-0.1982223988,0.4820082188,-0.5802221894,-0.1105458215,0.3393620253,-0.05468392
7.6410531998,-0.0676733479,0.3487779498,-0.5019975305,-0.3601127863,0.3330183923,0.1205731183
7.6511330605,0.0125940805,0.3206870556,-0.3631309271,-0.4703700244,0.3647334278,0.0877025202
7.6614260674,0.0487154499,0.2544667423,-0.2858913541,-0.5751222968,0.3831534386,0.1238394827
7.6712670326,0.063079305,0.2164070457,-0.2060587406,-0.6532543898,0.4082984924,0.1790841073
7.6813383102,0.029838806,0.1541562974,-0.1546289921,-0.7053069472,0.4942147434,0.2439099699
7.6913299561,-0.0131910825,0.1395531148,-0.1432512403,-0.7841796875,0.5972337723,0.3639650047
7.7017259598,-0.0487068221,0.1500291228,-0.1309672594,-0.8896760345,0.6959422827,0.5095075965
7.7115631104,-0.0669671819,0.1674539596,-0.1412437558,-1.0785864592,0.8120095134,0.6625122428
7.721616745,-0.0701332614,0.1845451891,-0.1363463998,-1.3239859343,0.9200723171,0.8027860522
7.7315840721,-0.0687572584,0.1814400554,-0.1574127078,-1.5831795931,1.0194145441,0.9260707498
7.7419137955,-0.0776179507,0.1850263178,-0.1902228594,-1.9448959827,1.1264613867,1.0663735867
7.7517671585,-0.0882850811,0.186580956,-0.1924254894,-2.4283192158,1.2401498556,1.2491822243
7.7618780136,-0.0858491287,0.1497245431,-0.2008088231,-3.0711083412,1.2824068069,1.4309341908
7.7719449997,-0.0668935701,0.1193307415,-0.1989887357,-3.790169239,1.2677108049,1.6052445173
7.7822031975,-0.0566321537,0.1151700392,-0.1713311672,-4.4438223839,1.2228767872,1.7890793085
7.7920722961,-0.0592415631,0.1427509785,-0.1307026744,-4.8907818794,1.2139413357,1.9941158295
7.8021478653,-0.0693577752,0.2072708607,-0.1087998152,-5.1490221024,1.2237497568,2.2171640396
7.8122091293,-0.0696503893,0.3046073914,-0.0935473442,-5.2801585197,1.2241612673,2.4561026096
7.8224401474,-0.063180171,0.3569315672,-0.0723098516,-5.2510361671,1.2068520784,2.6918058395
7.8323221207,-0.0656267777,0.3718909025,-0.0524621606,-5.2079844475,1.1832079887,2.9136989117
7.8424463272,-0.0590587631,0.3605589867,-0.0463414192,-5.1422095299,1.1266400814,3.1005306244
7.8524441719,-0.0519821644,0.3398343325,-0.0313397646,-5.098721981,1.05468297,3.2353320122
7.8627309799,-0.0460212976,0.3666095734,0.0026392341,-5.2029795647,0.9242678285,3.3903160095
7.8726220131,-0.0467346087,0.361102879,0.0420048237,-5.2410783768,0.7919686437,3.4932549
7.8826541901,-0.0539821461,0.2994098663,0.0638741851,-5.2929964066,0.6542714834,3.600440979
7.8927121162,-0.0580542013,0.2870693803,0.0939703584,-5.235294342,0.5461058617,3.695933342
7.9030370712,-0.0658653304,0.3196568489,0.1136415005,-5.1624040604,0.4149081409,3.8190181255
7.9127998352,-0.0686667785,0.3430584669,0.1305577755,-5.0255064964,0.2851852775,3.9197893143
7.9229688644,-0.0817117319,0.3174603581,0.1309425235,-4.7990818024,0.1644079983,3.9706380367
7.9329738617,-0.0871356055,0.2731550336,0.1217873693,-4.5694994926,0.0490389355,4.0331692696
7.9433240891,-0.0878168866,0.290448606,0.1300019622,-4.4204354286,-0.1265853494,4.0755157471
7.9530749321,-0.1115252003,0.2996874452,0.1389545798,-4.2925171852,-0.3262085915,4.0456528664
7.9632439613,-0.1411666274,0.2335006595,0.1155925989,-4.0509757996,-0.4685532153,4.0232224464
7.9731998444,-0.1448406875,0.1997913122,0.106898725,-3.8151242733,-0.5759515166,3.9976251125
7.9835410118,-0.1457719207,0.2011439204,0.1180362105,-3.5737030506,-0.7078661919,3.9475934505
7.9933729172,-0.152413398,0.2398407459,0.1390823722,-3.3680076599,-0.8976058364,3.8646252155
8.0035972595,-0.1743305027,0.1968916059,0.1163840294,-3.0732536316,-1.0269601345,3.8103342056
8.0135211945,-0.1872964203,0.1431162953,0.0877024531,-2.8106706142,-1.1418435574,3.7401313782
8.0238246918,-0.1923096478,0.0792839602,0.057205081,-2.4810395241,-1.2369035482,3.691157341
8.033657074,-0.1875133216,0.0723289922,0.0971686244,-2.3232252598,-1.3336387873,3.6156826019
8.0437994003,-0.2026964724,0.0776171163,0.0859824419,-2.1689004898,-1.4041039944,3.5051813126
8.0537776947,-0.2308091819,0.0521020368,0.0822114944,-1.9370020628,-1.4445117712,3.3437075615
8.0641431808,-0.2416150868,0.0073256562,0.0601531863,-1.6803159714,-1.5043668747,3.2586684227
8.0739116669,-0.2295177877,0.0270476416,0.1076946855,-1.5706287622,-1.5956810713,3.1025116444
8.0840568542,-0.2437315881,-0.0103123719,0.0689923763,-1.3577188253,-1.6562299728,2.9697024822
8.094039917,-0.2399617136,-0.0797819421,0.0520765185,-1.2122402191,-1.6948009729,2.8804547787
8.1043949127,-0.2436512411,-0.1338971853,0.0551439524,-1.1447054148,-1.7310217619,2.7678689957
8.1141891479,-0.2399327457,-0.2022103667,0.0145842433,-1.0571171045,-1.744792223,2.6542282104
8.1242761612,-0.2241576612,-0.2204437256,0.0147833228,-1.0877660513,-1.7819744349,2.5257396698
8.1342964172,-0.2282980978,-0.1940221786,0.0125815868,-1.0161855221,-1.799418807,2.3579473495
8.1446676254,-0.2348545492,-0.1977639198,-0.0070261359,-0.908272326,-1.8195366859,2.2198760509
8.1544656754,-0.2430530488,-0.1974424124,-0.0158576369,-0.8154861927,-1.8206101656,2.0934975147
8.1645832062,-0.2460926473,-0.2194283009,-0.030862987,-0.7889272571,-1.8159307241,1.96183002
8.1745853424,-0.2431001365,-0.2696815729,-0.0378475189,-0.7649704814,-1.7646074295,1.8270019293
8.1849412918,-0.2449695766,-0.2947024405,-0.0509909391,-0.7891125679,-1.7050900459,1.7113016844
8.1947183609,-0.2566810548,-0.2771137953,-0.0618754625,-0.786862731,-1.6178569794,1.5796811581
8.2048187256,-0.2499314249,-0.2810855508,-0.101400733,-0.7918934226,-1.5486365557,1.4618573189
8.2148456573,-0.2375382483,-0.2812752724,-0.118951261,-0.7713245153,-1.4793519974,1.3196058273
8.2251968384,-0.2321752012,-0.2758446336,-0.1553252339,-0.7164282799,-1.4266203642,1.1964495182
8.234998703,-0.2291422784,-0.2625894845,-0.1645319462,-0.6190746427,-1.3512974977,1.0637378693
8.2451496124,-0.2314700186,-0.2540997863,-0.1711629629,-0.5847914815,-1.2635498047,0.9682111144
8.2551298141,-0.2325052917,-0.2542399168,-0.1562572718,-0.6287670135,-1.1415594816,0.8589179516
8.2654848099,-0.2332516015,-0.2895038724,-0.1727993488,-0.6027181149,-0.9774501324,0.7687404156
8.2752656937,-0.2045139372,-0.2778203487,-0.1962116361,-0.5973115563,-0.8824241161,0.68915236
8.2854089737,-0.1804515421,-0.2202606201,-0.1979768276,-0.5629379153,-0.8042947054,0.5830028057
8.2954082489,-0.1678192317,-0.1994746327,-0.2127941251,-0.5347679257,-0.7451866865,0.4970184565
8.3057317734,-0.1638583243,-0.1890343726,-0.2085975409,-0.4737490416,-0.6624555588,0.4099767506
8.3155326843,-0.1568574011,-0.1877512336,-0.2018420696,-0.3222152889,-0.5586206913,0.3462820649
8.325671196,-0.144123286,-0.1572958827,-0.1535447836,-0.1590732187,-0.4419859052,0.2772819698
8.3356685638,-0.1516140401,-0.1208169982,-0.1262755394,-0.0006050235,-0.2862767279,0.1860047877
8.3460845947,-0.1573142707,-0.1214496419,-0.1640036106,0.1315610111,-0.1678941697,0.1010864377
8.355802536,-0.140550226,-0.1661807299,-0.17379421,0.1999206394,-0.0723653212,0.0140488045
8.3658819199,-0.1345870197,-0.1801886559,-0.1648460031,0.2374216765,0.0168244746,-0.0273263324
8.3759422302,-0.1119001731,-0.1947187781,-0.1213839054,0.2056199312,0.1001861393,-0.0559448637
8.38626194,-0.104240559,-0.2064428329,-0.1072342396,0.1578625441,0.1780894697,-0.0866859928
8.3960599899,-0.0927273259,-0.1796911359,-0.0978586078,0.1198788062,0.239100948,-0.1174383834
8.4061107635,-0.0822059736,-0.1532863975,-0.094889164,0.1363174319,0.3005597889,-0.1524512172
8.4162864685,-0.0783131942,-0.1352131367,-0.0903453827,0.2005988806,0.3792887628,-0.2065792382
8.4264793396,-0.087298952,-0.1182009503,-0.1047987342,0.294805795,0.4529052079,-0.2713361382
8.4364080429,-0.0981919989,-0.127773881,-0.1224503517,0.4090072513,0.5542008281,-0.3488250077
8.4464159012,-0.107990168,-0.1456350982,-0.1581042409,0.5103724599,0.6574174762,-0.4401139021
8.4565439224,-0.1193554625,-0.1653233767,-0.1979396343,0.6448789239,0.7533447146,-0.5547753572
8.4667625427,-0.1345615685,-0.1825010777,-0.241984427,0.8018701673,0.8420119882,-0.6736924052
8.4766511917,-0.1612216532,-0.2032663226,-0.2666870356,0.981107831,0.9455704689,-0.8170297146
8.4866428375,-0.1963426173,-0.212202549,-0.2662584782,1.2325562239,1.0835202932,-0.99009794
8.4968128204,-0.2259424627,-0.215262711,-0.2578517199,1.6318877935,1.2661073208,-1.1876024008
8.5070228577,-0.2346245944,-0.2061269283,-0.2576745152,2.2435655594,1.4504042864,-1.4074580669
8.5169124603,-0.2318188846,-0.172865808,-0.2653307319,3.080902338,1.5867315531,-1.6380131245
8.5269546509,-0.2192906439,-0.1227787063,-0.2539490461,4.0621495247,1.6318413019,-1.893071413
8.5370769501,-0.2084155381,-0.0895401463,-0.1995896101,5.1015696526,1.6221630573,-2.1662211418
8.5472621918,-0.1995224059,-0.0862257406,-0.1040824056,6.1060881615,1.5803070068,-2.4457502365
8.5571489334,-0.1824673116,-0.1059553251,0.0142344832,6.969124794,1.491499424,-2.739071846
8.5672216415,-0.1551555693,-0.1340065598,0.139418602,7.6598057747,1.3503007889,-3.0249416828
8.5773448944,-0.1166651472,-0.16288203,0.2498361468,8.1539134979,1.1247640848,-3.2885050774
8.5875654221,-0.0695532188,-0.193775326,0.3407366872,8.5116262436,0.8838595152,-3.4479861259
8.5974502563,-0.0139686698,-0.2420789897,0.4015125036,8.7026863098,0.4461962879,-3.6170802116
8.6074905396,-6.30258e-05,-0.2475263476,0.4632040262,8.4597740173,-0.0303300545,-3.7945768833
8.6176204681,0.0088417893,-0.2598852515,0.5042051077,7.9779748917,-0.5202282071,-3.9125583172
8.6278705597,0.014370895,-0.3455593586,0.529080987,7.3458638191,-1.0250115395,-3.9965319633
8.6377220154,0.0072313906,-0.3868323863,0.529307425,6.6335110664,-1.5079768896,-4.0443735123
8.6477651596,-0.0085382098,-0.3774909675,0.490629077,5.8894658089,-1.9157640934,-4.0741186142
8.6578922272,-0.0351032838,-0.3236734569,0.422211349,5.1202869415,-2.2606611252,-4.0263147354
8.6681089401,-0.0606274232,-0.2749989033,0.3719375134,4.3642616272,-2.5320198536,-3.9466235638
8.6780233383,-0.0813653693,-0.2702879012,0.3301719427,3.7452487946,-2.7361855507,-3.8350801468
8.6880083084,-0.0958585367,-0.2555227578,0.3055429459,3.2461540699,-2.8712422848,-3.7001724243
8.6981563568,-0.10522338,-0.2171334624,0.3004553318,2.9921321869,-2.9681859016,-3.5812335014
8.7083625793,-0.1159099564,-0.1364780068,0.2760807276,2.8965964317,-3.0128252506,-3.46443367
8.7182941437,-0.1368950009,-0.0126195485,0.2114005685,2.9958338737,-3.0084433556,-3.4134902954
8.7282676697,-0.1850807667,0.1581693888,0.1084775925,3.1618099213,-2.9558601379,-3.3827137947
8.7384357452,-0.2181341052,0.2982583344,0.0583449006,3.412709713,-2.8543212414,-3.2807953358
8.7486333847,-0.2257954776,0.3212992549,0.0450425148,3.5723035336,-2.6882452965,-3.0853819847
8.7585525513,-0.1993818581,0.2135098875,0.0517348051,3.5457494259,-2.584395647,-2.9080023766
8.7685594559,-0.1584833562,0.0988864675,0.0471607447,3.110211134,-2.5649552345,-2.7602920532
8.778629303,-0.1183649823,0.0361425355,0.0278542638,2.4271185398,-2.6583361626,-2.6592936516
8.7889156342,-0.1054997519,0.0082074171,-0.0241302252,1.589933753,-2.712982893,-2.5954003334
8.7987995148,-0.1255561709,0.000242717,-0.0442048907,0.8583399057,-2.7626006603,-2.5527682304
8.8088388443,-0.1463275552,0.0111789471,-0.0688714981,0.2852700353,-2.7642915249,-2.5324492455
8.8189573288,-0.1643440574,0.0701073036,-0.1394296288,-0.0517878383,-2.7832071781,-2.5408678055
8.8291711807,-0.1825394332,0.1987182498,-0.1941562891,-0.1319029033,-2.7753558159,-2.5312874317
8.8390674591,-0.2072199285,0.3016391695,-0.206817627,0.0485526957,-2.6758472919,-2.483502388
8.8490972519,-0.2334823459,0.3351610899,-0.1903352737,0.369145602,-2.5005543232,-2.3921816349
8.8592157364,-0.2455824316,0.344548732,-0.1775685549,0.697034061,-2.3070547581,-2.2849271297
8.8694515228,-0.2458015978,0.3543575406,-0.1822588444,0.9376285672,-2.1355884075,-2.1850934029
8.8793621063,-0.230437547,0.3645882607,-0.186040163,1.0963959694,-1.9963933229,-2.0427827835
8.8893680573,-0.2147432268,0.3245834708,-0.217274785,1.0944930315,-1.9053102732,-1.9036411047
8.8994684219,-0.2180478573,0.3191797137,-0.2416312099,0.9209048152,-1.8273580074,-1.7580910921
8.9097833633,-0.2253748775,0.2989479899,-0.2726271152,0.6674808264,-1.7714836597,-1.6369537115
8.9195804596,-0.2317368835,0.2967774868,-0.3113207221,0.4244991541,-1.6932756901,-1.5221793652
8.9296894073,-0.2285615802,0.3121730685,-0.3292146325,0.2454715818,-1.607096076,-1.4095401764
8.9397735596,-0.2109813094,0.3314140439,-0.3191612363,0.1945073903,-1.5209219456,-1.3064889908
8.950044632,-0.1734134108,0.358964622,-0.3706716895,0.154975161,-1.5123010874,-1.2332104445
8.9599123001,-0.1489917934,0.4067720771,-0.3806687593,0.1559022069,-1.4925220013,-1.1302063465
8.9699373245,-0.1390661746,0.3732820451,-0.3507009149,0.2011932582,-1.4266936779,-1.0218814611
8.9799871445,-0.12736848,0.3254214823,-0.3128598928,0.2215806693,-1.3237787485,-0.8880484104
8.990272522,-0.1087866053,0.2946641445,-0.2643688917,0.1262552142,-1.2799924612,-0.7170526981
9.0001068115,-0.1351973712,0.2659525871,-0.1484022737,-0.1455738693,-0.6541057229,-0.3768951893
9.0103435516,-0.253672421,0.162874639,-0.3513339162,-0.0726373568,-0.0289191119,0.0449327491
9.020275116,-0.2931787968,0.4905568957,-0.4796714783,-0.3111892343,0.34449476,0.0250047836
9.0305337906,-0.1988092959,0.425205797,-0.5903729796,-0.1227932274,0.3938066363,0.0122399852
9.040389061,-0.0309192482,0.3512866199,-0.5375628471,-0.5044946074,0.261092484,0.1864057332
9.0504560471,0.0031631947,0.3151675761,-0.4139282107,-0.7298169136,0.2702636123,0.1047089994
9.0605230331,0.0227617975,0.1243760958,-0.3440393806,-0.9472672343,0.2463014722,0.1387309432
9.0708227158,0.0383586958,0.1593988985,-0.2331800461,-1.0553252697,0.2753312588,0.1791212559
9.0804729462,0.0082919961,0.1838845611,-0.1799545288,-1.0638800859,0.3883070946,0.267309159
9.0905532837,-0.0292166118,0.1631023139,-0.1430030465,-1.1123129129,0.5437936187,0.419236362
9.1006278992,-0.0627514645,0.1380218267,-0.1108644009,-1.2728596926,0.7058461905,0.5892459154
9.1112747192,-0.0834283903,0.1600404829,-0.1073405147,-1.5239435434,0.8501309156,0.7592690587
9.1209774017,-0.099856697,0.213144958,-0.1347121596,-1.7971274853,0.9633936882,0.920789659
9.1310300827,-0.1100775823,0.2518156469,-0.1804317236,-2.0458550453,1.0853738785,1.0844306946
9.1410551071,-0.123150818,0.2737074792,-0.2182417512,-2.2552316189,1.2204327583,1.2480665445
9.1513547897,-0.1294246763,0.2997437119,-0.2505226135,-2.6009800434,1.3343108892,1.4382733107
9.1612157822,-0.120854862,0.2824688256,-0.2467079163,-3.0304026604,1.3847965002,1.6199768782
9.1712837219,-0.0978725329,0.2271391153,-0.2319511175,-3.5380380154,1.3605036736,1.8292679787
9.1813583374,-0.0837743506,0.2227202058,-0.1976498961,-4.0859355927,1.3084585667,2.0672228336
9.1916408539,-0.0952776223,0.2367664874,-0.1598747969,-4.5836577415,1.2546800375,2.29773283
9.2014799118,-0.109281823,0.2722237706,-0.1110095978,-4.9897499084,1.217825532,2.5600824356
9.2115278244,-0.1124427021,0.2938690186,-0.068241775,-5.2377438545,1.1664912701,2.8308784962
9.221578598,-0.1030323878,0.3223724961,-0.0372617245,-5.4730510712,1.1281399727,3.1229131222
9.2318601608,-0.0922408104,0.3351358771,-0.0142530203,-5.6508903503,1.1038143635,3.3735306263
9.2417154312,-0.0785305426,0.3195925355,0.0078872442,-5.8077468872,1.0049253702,3.551902771
9.2518110275,-0.0593949892,0.3495187759,0.0507416725,-5.864215374,0.8971137404,3.6920206547
9.261885643,-0.0474317968,0.3677934408,0.0882683992,-5.8115754128,0.7648437023,3.840593338
9.2721376419,-0.0484059304,0.3895214796,0.1084395647,-5.7442274094,0.6548886895,3.9743080139
9.2820119858,-0.0533215329,0.3537675142,0.1033519506,-5.6316747665,0.5047152042,4.0633964539
9.2920312881,-0.0540350005,0.3200265765,0.1337214708,-5.5586600304,0.3583379984,4.1365690231
9.3021621704,-0.0551724508,0.3027749658,0.1493754387,-5.423605442,0.1976127625,4.2044095993
9.3124351501,-0.0595788881,0.2934785485,0.164976716,-5.2182817459,0.0533900745,4.2679934502
9.3222484589,-0.0643663332,0.2727683783,0.1727015972,-5.0209727287,-0.1428182423,4.3432312012
9.3323974609,-0.0857564434,0.2645131946,0.1668971777,-4.7728524208,-0.300814271,4.3526453972
9.3423805237,-0.1134577617,0.2354013324,0.1544393897,-4.491610527,-0.4652276635,4.3100214005
9.3527002335,-0.1266151369,0.2404096127,0.1378253102,-4.1806302071,-0.6155790687,4.2684569359
9.3625268936,-0.1260023415,0.2488814592,0.1261080503,-3.8748393059,-0.7832432985,4.1822891235
9.3726615906,-0.1317671537,0.2339229584,0.1309693456,-3.6457037926,-0.970885098,4.0642776489
9.382601738,-0.1495154798,0.1899899244,0.1125838161,-3.2931818962,-1.1170864105,3.9526264668
9.3930091858,-0.1669503748,0.123872824,0.0824255943,-2.9228692055,-1.2256890535,3.8877084255
9.4028120041,-0.1763516963,0.1169681624,0.121358335,-2.6892373562,-1.3294302225,3.775046587
9.4128875732,-0.1976958811,0.1012169793,0.1041820049,-2.4790320396,-1.4387232065,3.6560173035
9.4229230881,-0.2085692585,0.0414828137,0.0757908225,-2.1958250999,-1.4848228693,3.5295686722
9.4332818985,-0.2129190266,-0.0216066763,0.0320723057,-1.9503142834,-1.49614501,3.4169499874
9.4430551529,-0.2158143222,-0.0229790732,0.0374970436,-1.7863863707,-1.5677253008,3.2852089405
9.4531555176,-0.2248441279,-0.0408584997,0.0686918497,-1.67667377,-1.6610776186,3.1417915821
9.4631900787,-0.2261672318,-0.0669156238,0.0860245824,-1.6006083488,-1.6997201443,2.971865654
9.4734964371,-0.2323779166,-0.1277500987,0.0058687329,-1.3745560646,-1.6868761778,2.8486459255
9.4833278656,-0.2148247063,-0.1740509868,-0.0313847065,-1.209933877,-1.7201198339,2.7370984554
9.4934139252,-0.2086898386,-0.1777850986,0.0235491991,-1.1251375675,-1.7765444517,2.5947678089
9.5034704208,-0.2214067876,-0.1737325191,0.0444006324,-1.1026293039,-1.795473218,2.4280502796
9.5138206482,-0.2441297472,-0.2029269934,-0.0127947927,-0.9588576555,-1.7728062868,2.2942385674
9.523604393,-0.231410414,-0.2375008464,-0.0608358979,-0.8838716149,-1.8067910671,2.189084053
9.5337438583,-0.2313022316,-0.2231267095,0.0065510869,-0.8139317036,-1.7669725418,2.0181367397
9.5437393188,-0.2414602935,-0.2508255839,-0.0435079932,-0.7258975506,-1.7179875374,1.9268232584
9.5540819168,-0.2253495753,-0.2809929252,-0.0562419891,-0.7017732859,-1.6824469566,1.8121606112
9.5638437271,-0.2209281623,-0.2888601422,-0.0409585834,-0.7045185566,-1.6304545403,1.6529181004
9.574010849,-0.2202558219,-0.2960693538,-0.0785096884,-0.6508417726,-1.5617201328,1.5446352959
9.5840072632,-0.2072214186,-0.2796321511,-0.075353384,-0.6992650032,-1.5277984142,1.4416701794
9.5943632126,-0.2158615291,-0.2780016065,-0.0708987117,-0.7300766706,-1.443018198,1.3036864996
9.6041412354,-0.2169623077,-0.3153850436,-0.1109337807,-0.7194647193,-1.3352483511,1.2187948227
9.6142807007,-0.2049665153,-0.3116914332,-0.1186090708,-0.6895752549,-1.2359708548,1.1073479652
9.6242771149,-0.2032256424,-0.2719843388,-0.1123780608,-0.6660229564,-1.1442155838,0.9895259142
9.6345930099,-0.2009460628,-0.239168793,-0.1329783797,-0.6049774885,-1.0659362078,0.8706280589
9.6444120407,-0.1882926524,-0.249050349,-0.1827172637,-0.5146160722,-1.0361094475,0.7676274776
9.654540062,-0.1742834747,-0.2410713732,-0.1758259535,-0.4434843659,-1.0054568052,0.6540122032
9.6645450592,-0.1706074178,-0.2405892909,-0.1728590131,-0.3650117517,-0.9596428871,0.5775661469
9.674864769,-0.1589361131,-0.2152982354,-0.1195290685,-0.4496073425,-0.9353929758,0.5043356419
9.6846809387,-0.153750509,-0.2104743123,-0.0844617486,-0.50366503,-0.8705673218,0.4289929271
9.6948127747,-0.1355688274,-0.2472136319,-0.1112421751,-0.5222477913,-0.8284865022,0.3982264996
9.7048139572,-0.1104090437,-0.2240715623,-0.0889762044,-0.5014789104,-0.7733697891,0.3610853851
9.7151594162,-0.1127711162,-0.1476131678,-0.0516986251,-0.4364652634,-0.6629738212,0.2804272771
9.7249479294,-0.1374749243,-0.1224154755,-0.0921878815,-0.3186436296,-0.4968703985,0.2104016691
9.7350730896,-0.1467156708,-0.1743249893,-0.1491363049,-0.2563384473,-0.3279854953,0.1531330496
9.7450551987,-0.1570549309,-0.2295985222,-0.2114822865,-0.1761757731,-0.1290471852,0.1245435625
9.7554607391,-0.1525212824,-0.2310351133,-0.2274209261,-0.1704822034,0.047040768,0.1087030768
9.7652139664,-0.1424609125,-0.2074556947,-0.2233931422,-0.1805258691,0.1941063255,0.0567509942
9.7753534317,-0.1080714092,-0.212546885,-0.2222673893,-0.2219295055,0.2762264609,0.0132687651
9.7853507996,-0.0735994205,-0.2114276886,-0.20163697,-0.2248882949,0.3554578424,-0.0365956649
9.7957115173,-0.0608288869,-0.1968476474,-0.1884290576,-0.169287622,0.4490639567,-0.0758495927
9.8054847717,-0.0559192523,-0.1756338477,-0.1796584129,-0.0497761928,0.5537434816,-0.1299804747
9.8156232834,-0.0558986291,-0.1584800184,-0.1770859957,0.1230451241,0.6630420089,-0.197924912
9.8256206512,-0.0577043518,-0.1454005539,-0.1718536019,0.3363845646,0.7758424878,-0.2711862028
9.8359546661,-0.0711975917,-0.1421700716,-0.1898502111,0.5552436709,0.8695159554,-0.3561389148
9.8457746506,-0.0942272171,-0.1461195946,-0.2049040794,0.7898493409,0.9863676429,-0.4878041148
9.8558216095,-0.1178170666,-0.1527623832,-0.2228240967,1.0277292728,1.0945643187,-0.6492039561
9.8659038544,-0.1299879849,-0.1681509316,-0.244356811,1.2724092007,1.1623735428,-0.8297373056
9.8761720657,-0.1415309608,-0.2078171968,-0.2544044852,1.5628724098,1.2400641441,-1.0208959579
9.8860912323,-0.1669808328,-0.2368120253,-0.2529867291,1.9237359762,1.3203954697,-1.2269371748
9.8960924149,-0.2003726661,-0.2170973718,-0.2358332872,2.3890836239,1.409989357,-1.4542355537
9.9061965942,-0.2210494578,-0.176715672,-0.2052744031,2.9716486931,1.5164264441,-1.6964203119
9.9164333344,-0.2280510366,-0.1368247271,-0.1702768207,3.6600143909,1.6078159809,-1.9471340179
9.9263134003,-0.211445123,-0.108770363,-0.125182569,4.4350762367,1.6744811535,-2.2000043392
9.9363622665,-0.1790136993,-0.0940733477,-0.0731702447,5.2310161591,1.6808408499,-2.4539732933
9.9464969635,-0.1373644173,-0.0873122141,-0.0009710788,6.0042214394,1.6126909256,-2.713283062
9.9567127228,-0.0943326578,-0.0969969556,0.068736136,6.7036304474,1.4548538923,-2.9588150978
9.9666309357,-0.0497464761,-0.1234637424,0.1496319175,7.2798886299,1.2334475517,-3.1873588562
9.9766197205,-0.0171735529,-0.1624079943,0.2257794738,7.6903905869,0.9407197833,-3.3914747238
9.9867572784,3.59179e-05,-0.1749719381,0.3211863041,7.8284163475,0.575627625,-3.5881245136
9.9969940186,-0.0066220998,-0.1630632281,0.4059150815,7.670396328,0.2560800016,-3.7262778282
10.0068645477,-0.0102535123,-0.1761600077,0.4422520995,7.2847423553,-0.1386778355,-3.8654735088
10.0171222687,-0.0223016385,-0.1882671714,0.4569999576,6.619120121,-0.4964759052,-3.9822809696
10.027598381,-0.0270908717,-0.1955390275,0.4353427291,5.8834071159,-0.7792101502,-4.0470046997
10.037443161,-0.0243858937,-0.24461779,0.4037983418,5.1477279663,-1.0626584291,-4.0586390495
10.0471887589,-0.0071729063,-0.2997751832,0.37509799,4.4099740982,-1.3489478827,-4.0150609016
10.0571737289,0.004074967,-0.3437238932,0.3549899459,3.692492485,-1.6339095831,-3.9576840401
10.0672712326,-0.0050861477,-0.3652019501,0.3121472597,2.9907295704,-1.888920188,-3.8843684196
10.0774497986,-0.0282337312,-0.3447936475,0.2909676433,2.3401272297,-2.1382608414,-3.8238053322
10.0874576569,-0.0473126397,-0.2875800133,0.2741137147,1.7102657557,-2.3304097652,-3.8078160286
10.0974388123,-0.080391489,-0.1571729183,0.2216451168,1.1389037371,-2.3957307339,-3.7843439579
10.1075286865,-0.1123945937,-0.0496407077,0.190738678,0.7689731717,-2.4326691628,-3.74604249
10.1177825928,-0.1330821216,0.0284881666,0.1596050858,0.6118485332,-2.4085891247,-3.748114109
10.1278705597,-0.1474287808,0.112375088,0.1387042999,0.604835391,-2.349416256,-3.7767512798
10.137717247,-0.1508635581,0.1994458437,0.1386268139,0.8067263961,-2.2617108822,-3.7778203487
10.1478433609,-0.1326647103,0.2226218581,0.1318625808,1.2512438297,-2.2088024616,-3.7449917793
10.1580581665,-0.1081895754,0.2459641099,0.145583868,1.8687752485,-2.1669921875,-3.6930994987
10.1678791046,-0.0969892666,0.3293473721,0.1545910835,2.4093461037,-2.1107077599,-3.5965852737
10.178144455,-0.0969048068,0.4133154154,0.1711575389,2.9657044411,-2.030755043,-3.4713943005
10.1880912781,-0.110495396,0.4109775424,0.147346139,3.3714873791,-1.9427969456,-3.3811993599
10.1983327866,-0.1302228421,0.434260875,0.1392748356,3.7482228279,-1.831712842,-3.2856776714
10.2081832886,-0.1244747639,0.4139769673,0.1157819033,4.0654349327,-1.7432367802,-3.1604225636
10.2182588577,-0.1152203903,0.3862167299,0.1168500185,4.2512173653,-1.6378018856,-3.0245068073
10.2282791138,-0.0997577235,0.295869559,0.1076551676,4.2142777443,-1.56513381,-2.8959825039
10.2385845184,-0.0777076855,0.1850773394,0.0851634741,3.9580316544,-1.5463393927,-2.762121439
10.2484798431,-0.0597864427,0.07197202,0.0400671363,3.4729123116,-1.5845950842,-2.6091196537
10.2585144043,-0.064984031,0.0162854567,-0.0183894634,2.7959723473,-1.649959445,-2.4507725239
10.2686729431,-0.0908417627,-0.0433174297,-0.0566737652,2.0781316757,-1.6806799173,-2.2945199013
10.2788667679,-0.1234968975,-0.068849586,-0.1260381341,1.3495700359,-1.7085032463,-2.1679947376
10.2887887955,-0.1575284153,-0.0189385638,-0.1812493801,0.7351339459,-1.7312579155,-2.0680413246
10.2988014221,-0.1859583557,0.0729859099,-0.2293968201,0.3295201063,-1.7205706835,-2.0010397434
