0.0000000000,0.0073630083,0.0262923855,-0.0039016020,0.0727979913,0.0158752687,-0.0334443524
0.009747982,0.005600797,0.0138521213,0.0141578903,0.0483946502,0.0018955376,-0.0291979406
0.0197190046,0.0018521415,0.0023442523,0.0272142868,0.0503265038,0.0220732428,-0.0291883536
0.0298199654,-0.0117145609,-0.0024021848,0.0159155708,0.0724958852,0.0467130765,-0.0228103492
0.0400310755,-0.0166326594,0.0007758158,0.0173745733,0.0694744959,0.029791018,-0.0100753121
0.0499349833,-0.0088604223,0.0029705779,0.0237317663,0.0567568392,0.0212257598,-0.0047673662
0.0603159666,-0.0069177281,-0.0066231471,0.0104429713,0.0279254857,0.0230952315,-0.0047582448
0.0720310211,-0.006929351,-0.0114459973,0.0037121165,0.0034321267,0.0175412092,-0.0100637935
0.080581069,0.0009208785,-0.0144249182,-0.0070146928,-0.0008353498,0.0175746977,0.0005537629
0.0903860331,0.0008168982,-0.0057115536,-0.0159249324,-0.0157969892,0.0195592865,-0.0005032457
0.100597024,-0.0031114651,0.0010064858,-0.0064640059,-0.0274310075,0.0087692235,-0.0121841365
0.1105700731,0.0028255151,-0.0010373575,-0.0046582231,-0.0092674503,0.0068195229,-0.0100661246
0.1205760241,-8.99268e-05,0.0086454768,-0.003783704,0.0003391849,0.0069380999,-0.0047595762
0.1308829784,0.001871662,0.0223065633,0.0021259773,0.0216604527,0.0092465281,-0.0047638374
0.1408280134,0.0047842134,0.0126759429,0.0110648861,0.0131770056,0.0038810575,-0.0026410315
0.1507940292,0.0067599285,0.0107745547,0.0199121814,0.0078488197,0.0027319035,-0.009011046
0.1609309912,-0.0039859246,0.0107817072,0.0208671074,0.0087698204,0.017636884,-0.0026331088
0.171036005,-0.0091228019,0.0199480075,0.0368224978,-0.0029030815,0.0111891041,0.0005520319
0.181112051,-0.0011478199,0.0128780622,0.0370084047,-0.0113271391,0.0005733448,0.011167259
0.1911649704,-0.0033809675,0.0103796143,0.0203965288,-0.0348465815,0.004612295,0.0111752478
0.2010470629,-0.0098359715,0.0042531509,0.0035096395,-0.0563241765,0.018239025,0.0143735716
0.2112109661,-0.0084987413,-0.0043543559,-0.0106561789,-0.0627807453,0.0234811902,0.0133160306
0.2212200165,-0.0102882516,-0.0074967127,-0.0060916552,-0.0712083653,0.01287382,0.0249915961
0.2316510677,-0.0084430706,0.0039632339,-0.0065477504,-0.0733213201,0.0107331714,0.0249910634
0.2415950298,-0.0120401513,-0.0022242649,-0.0101768384,-0.0766561329,0.0233396441,0.0101336855
0.2513270378,-0.0123483073,-0.0084608179,-0.0068108453,-0.0511070937,-0.0737328455,0.0599832684
0.2613860369,0.0256310571,0.0023468749,-0.0039012444,-0.0009443797,-0.4819533527,0.3645032048
0.2714350224,0.1491053551,0.0411070585,0.0117590418,0.0340660661,-0.3638288677,0.2074070722
0.2815459967,0.1134980768,0.0455293059,0.0248967391,0.071522072,-0.0654202551,0.0312871076
0.2915990353,-0.0082364213,0.0153672714,0.0213071089,0.1030656174,-0.0208762214,-0.0143560106
0.3020139933,-0.0039547216,0.0074173231,0.0359745622,0.1094644964,-0.0185266472,0.0121899787
0.3117719889,-0.0035679473,0.003036441,0.0247023087,0.1137607098,-0.0217277668,0.0036928975
0.3218090534,-0.0001688136,-0.0140088778,0.0212439876,0.088121362,-0.0187128689,0.0121951057
0.3318799734,-0.0057925414,-0.0147227626,0.0151848784,0.0570047274,-0.002000201,0.0132731535
0.3419370651,-0.0102015268,-0.0231016856,0.0061346283,0.0174917262,-0.0002913836,0.0026651169
0.3520060778,-0.0093935262,-0.0289098602,0.0026708234,-0.0240123086,-0.0123674879,-0.0037011695
0.3623189926,-0.0045330059,-0.0219952445,-0.0089184651,-0.0326136239,-0.0061257035,-0.0111272605
0.3724650145,-0.0016402139,-0.0132623296,-0.0229207296,-0.0198070146,-0.0060000028,-0.0090068523
0.3825550079,0.000855075,0.0014472621,-0.0137289772,-0.0132819526,-0.0186883677,-0.0111400438
0.392557025,0.0004376637,0.0126275439,-0.0124398479,0.0187878329,-0.0236791316,-0.0058416855
0.4026249647,-0.0013689531,0.0213522334,-0.0220863242,0.0518355817,-0.0190641396,0.0068948828
0.4124200344,-0.0030632748,0.0215121526,-0.0215308685,0.0592863113,-0.0168491881,0.0111412928
0.42245996,-0.0087193977,0.0053419489,-0.014740468,0.051695019,-0.0041633532,0.0143366875
0.4328860044,-0.0137317609,-0.003933249,-0.0089983353,0.0451905206,0.0052535841,0.0026632529
0.4429490566,-0.0159061681,-0.0092235785,-0.0051044836,0.0547380559,0.010643689,0.0026623206
0.4527020454,-0.0170511436,-0.0037695749,-0.0107463012,0.0589554384,0.0160136856,0.0069111278
0.4626749754,-0.0172056984,0.0023982541,-0.0014178168,0.0344937183,0.0072625396,-0.0005193578
0.4728270769,-0.0181088578,-0.0014328343,0.0142860403,0.0014303084,0.0048031099,-0.0079447832
0.4829390049,-0.0158159863,-0.0084120613,0.0093627563,-0.0519542433,0.0063903541,-0.0185489599
0.4928979874,-0.0192224216,-0.0098246317,0.0107182255,-0.1094694734,-0.0058809593,-0.033405669
0.5030269623,-0.0117412936,-0.0104081016,0.0031649459,-0.1094596386,-0.0069701257,-0.037652947
0.5130090714,-0.0101401638,-0.00511056,-0.0081490884,-0.0732811391,0.0039914451,-0.0323476642
0.5231100321,-0.0136007797,0.0199320931,-0.00059569,-0.025071552,-0.0135435397,-0.0196266063
0.5332269669,-0.0033177568,0.0209172983,0.0124385348,0.0028703334,-0.0323369354,-0.0100868968
0.5432519913,0.001084374,0.0052880663,0.0039673438,0.0176594518,-0.0173376128,-0.0079604965
0.5533679724,-0.0054316651,-0.0045862179,-0.0135410437,0.0366696268,0.003044625,0.0005392487
0.563354969,-0.0063215625,-0.0073938947,-0.0200070757,0.0602215603,-0.0030207243,0.015396758
0.5734460354,0.000608878,-0.0013098103,-0.0106887827,0.0753461868,-0.0208788179,0.022816591
0.5834800005,0.0034691261,4.32151e-05,-0.0069850101,0.0818557963,-0.0313690081,0.0323642902
0.5937319994,-0.0014384224,-0.0092357378,-0.0070272698,0.0754524991,-0.0314318612,0.0313040838
0.6038110256,-0.0061505269,-0.0149213653,0.0021644223,0.043480929,-0.0359696187,0.0291866045
0.6138679981,-0.0042306315,-0.0169062596,0.0001320231,0.0210179649,-0.0308603458,0.0291948617
0.623816967,-0.0033886863,-0.0188387018,-0.011591793,-0.0026442744,-0.013119298,0.0154072773
0.6340280771,-0.0101830196,-0.0139523726,-0.0076464424,-0.030385891,-0.0145126646,0.0016102389
0.6441030502,-0.0100572538,-0.0032567962,0.0079505434,-0.0464389697,-0.0104570035,-0.0058161858
0.6541770697,-0.0050617587,0.0111154336,-0.0002082002,-0.0572647229,0.0042345915,-0.0164240878
0.6642090082,-0.0089255106,0.016740622,0.0022631276,-0.0508548953,0.0031952267,-0.0217355639
0.6743420362,-0.0058911573,0.015623631,0.0107606044,-0.0508090891,-0.0010072417,-0.0153668802
0.6843540668,-0.0018454923,0.0173613448,0.0084982505,-0.043332316,-0.0020372192,-0.0206786897
0.694478035,-0.00068043,0.0035910623,-0.0013628614,-0.0156551488,0.004515755,-0.0291768368
0.7044770718,-0.0034439994,-0.01291853,-0.0118414769,0.0024228413,0.0110470913,-0.0281162988
0.7146019936,-0.0002530946,-0.0050967913,-0.0163657088,0.0334590524,0.0028847686,-0.0196338631
0.7246130705,0.0019193457,-0.0021447523,-0.0180791039,0.0315284468,-0.0161294676,-0.0037144856
0.7346980572,-0.0018451943,-0.0040533524,-0.0091564069,0.0069621191,-0.014235694,-0.0058308993
0.7447609901,-0.0074497592,-0.0197728854,-0.008324624,-0.0250917375,-0.0113721313,-0.0121938568
0.7548769712,-0.013145877,-0.0336940885,-0.0069261803,-0.0423021503,0.0022994725,-0.0079354625
0.7648710012,-0.0169274043,-0.0243235808,-0.0076175937,-0.0497191846,-0.0031133359,-0.0143060768
0.7749789953,-0.0138929915,-0.0118971448,-0.0041452656,-0.0421598032,-0.0114807226,-0.0058177831
0.7850090265,-0.0108730625,-0.0032480939,-0.0120345363,-0.0400290377,-0.011475062,-0.0079427864
0.7950869799,-0.015696181,-0.0022970422,-0.0033429873,-0.0336486362,-0.0093109775,-0.0100669237
0.8051489592,-0.0156607162,0.0113624353,0.0103253117,-0.0175608005,-0.016550649,-0.0026410981
0.8152669668,-0.003863646,0.0201401133,0.0056181541,-0.0004425328,-0.0206247512,0.0005379171
0.8252930641,-0.0047325026,0.0056124944,0.0087551465,-0.0208203755,-0.0113500934,-0.0143171288
0.8373340368,-0.0113316309,-0.0080555659,0.0088418713,-0.0315763503,-0.0041478407,-0.0344849788
0.8456590176,-0.0108976495,-0.0072293859,0.0020518887,-0.0081427982,0.0002801309,-0.0376737826
0.8554919958,-0.0045796167,0.0062779803,-0.0055997386,0.0153798386,-0.0037172739,-0.0313109607
0.8655400276,-0.0012841655,0.0111690778,-0.0042897472,0.020761529,-0.0078376513,-0.0196354613
0.8756320477,0.003966229,0.0062837619,-0.0098489532,0.0195756238,0.0038032928,-0.0228147432
0.8856680393,-0.0015742315,-0.0055140238,-0.0156855602,0.0280418918,0.0113319829,-0.0185653362
0.8958240747,-0.0033676459,-0.0055717211,-0.0214988012,0.0154872173,-0.0131067801,-0.0068945661
0.9058389664,0.0045800377,-0.0026660545,-0.011714519,0.0050366279,-0.0343729854,0.000531459
0.9158819914,0.0007862019,-0.0075514894,-0.0107272277,-0.0056394516,-0.0333290324,0.01221448
0.9259780645,-0.0119083654,-0.0056369286,-0.023400249,-0.0004648771,-0.0172744282,0.0260216389
0.9360159636,-0.0149760973,-0.0094751101,-0.0214597601,-0.0217850767,-0.0195690077,0.0281495042
0.9460949898,-0.0103030037,-0.0113787036,-0.0050513162,-0.0185964499,-0.0173651744,0.0366457179
0.9561190605,-0.0047699939,0.0052974243,-0.0098480592,0.0123593342,-0.0169771519,0.0546886362
0.9664310217,-0.0052089226,0.0270500202,-0.0103954086,0.0422831699,-0.0208967272,0.0642341375
0.9762749672,-0.0016994311,0.0236603636,-0.0047841081,0.0455660522,-0.0294052605,0.0567964651
0.986413002,0.0028239058,0.004585566,-0.0012859118,0.041187413,-0.018966401,0.0366309397
0.9963780642,-0.0012633635,0.0039491076,-0.0142912874,0.0740894377,-0.0018121819,0.0196423698
1.0064890385,-0.0041327309,0.0082364101,-0.0114703784,0.0773521364,-0.0092989933,0.0058321483
1.0165359974,0.0029173659,0.0105538387,0.0001631367,0.0635465682,-0.016944129,-0.0090333503
1.0266090631,0.0051396061,-0.0048726182,0.0026251662,0.0292052664,0.0006424536,-0.0323755555
1.0366550684,-0.0062455069,-0.0117404442,0.0046920166,0.0119229499,0.0205762144,-0.0440410003
1.0467890501,-0.009697808,-0.0109767299,0.006532012,-0.0060684085,0.0055278898,-0.0493517481
1.0568079948,-0.0082989465,-0.0063565951,0.0102146259,-0.0168105345,0.0129101723,-0.0419127382
1.0669310093,-0.0139092337,-0.0007622821,0.0088948598,-0.029650487,0.0159893185,-0.0408472084
1.0769369602,-0.0136767756,-0.006804822,0.008625268,-0.0434528515,0.0095852148,-0.028105313
1.087010026,-0.0065521132,-0.0148898941,-0.0053821816,-0.0594443828,0.0084111616,-0.0238537099
1.0970970392,-0.0035362972,-0.0162067991,-0.0099027762,-0.0668855235,0.0063208463,-0.0089876773
1.1071300507,0.0003101693,-0.0076941233,-0.0095162401,-0.059296526,-0.0052500563,-0.0036866551
1.1172440052,-0.0026527776,0.0009296554,0.001783191,-0.0315021798,-0.0091686323,0.0090459185
1.1272740364,-0.0036643876,0.0115428586,-0.0081131468,-0.0069483696,-0.008900851,0.0175362099
1.137346983,-0.0057311188,0.0096116085,-0.0227279682,0.0132226786,0.0019139799,0.0217836853
1.147397995,-0.0106952321,0.0047862548,-0.0304422397,0.0227229726,0.0114928372,0.0132903308
1.1574729681,-0.0117364358,0.0058525223,-0.0196290631,0.0099776164,0.0049664956,0.0058577145
1.1675540209,-0.006918354,0.0069263,-0.0078408727,-0.0176651441,-0.0059271646,-0.0005117678
1.1776070595,-0.0058451127,-0.0038580282,-0.0030798328,-0.0464898646,-0.0063380911,-0.024926031
1.1876729727,-0.0075581204,-0.0196419936,0.0014725912,-0.0508128665,-0.0011410653,-0.0355388597
1.1977980137,-0.0072561037,-0.0170217138,0.0020440805,-0.0338469334,0.0095973331,-0.0387232006
1.2078089714,-0.0049419831,-0.0143467765,0.0124375215,-0.0422397554,-0.0053579807,-0.0429767333
1.2179089785,-0.0045287143,-0.0038998111,0.0219112616,-0.0498135164,0.0052214265,-0.0376605317
1.2279330492,-0.0070997607,0.0016602891,0.0041152826,-0.051011622,0.0190878399,-0.024911318
1.2380110025,-0.0087887775,-0.0006262047,-0.0060988674,-0.0703509673,0.0316105559,-0.0312709436
1.2480920553,-0.0036888255,-0.0039188843,-0.0106100449,-0.0702672377,0.0231230613,-0.031275738
1.2581180334,0.0013502704,0.002589287,-0.0102064023,-0.0520568043,0.0169847421,-0.0206654388
1.2682050467,0.0033935176,0.0150436778,-0.0202519912,-0.0179563332,0.0226287115,-0.014299619
1.2782520056,-0.0005050434,0.0042640585,-0.0301079769,-0.0041656848,0.0312794596,-0.0079280064
1.2883820534,-0.0025701656,0.0003455894,-0.032158196,0.0044038072,0.0281850658,-0.0058083292
1.2983930111,-0.0006885959,-0.0084022265,-0.01765454,0.0173893794,0.0102460124,-0.0079441844
1.3084620237,-0.0006731285,-0.010190187,0.0001187313,0.046311602,-7.79314e-05,-0.0026474898
1.318524003,-0.0015755726,-0.0002032501,0.0046006427,0.077300407,-0.004058558,-0.0037191459
1.3286440372,-0.0034685566,-0.0046836715,0.0122998348,0.0997912064,-0.0123422537,-0.0026688618
1.3386240005,0.0005273389,-0.0081639271,0.0093717566,0.0986782759,-0.0081491079,-0.0090372786
1.3487520218,-0.0032553507,-0.0029477461,0.0053920732,0.0911816061,-0.0050260848,-0.0079703499
1.3588980436,-0.0041312706,0.0061875004,0.0072277174,0.0719844773,-0.0062479428,-0.0069042863
1.3689299822,-0.0069578122,0.0064655561,0.0127470484,0.0357107297,-0.0076322542,-0.0079580992
1.3789089918,-0.0068651568,0.004605772,0.0130328527,0.0004289057,-0.00160845,-0.0132551258
1.3890260458,-0.0096841883,0.0025683658,0.0167718511,-0.0304977447,-0.0040216735,-0.0164337419
1.3990590572,-0.0095695984,0.0023367421,0.0153832426,-0.0455430076,0.006471714,-0.014301084
1.4091030359,-0.0055371653,-0.0096911769,0.0030868638,-0.0722863674,0.0125838015,-0.0174765047
1.4192720652,-0.0044596326,-0.02178788,-0.0035445702,-0.0883183256,0.0145175233,-0.0249040592
1.4292410612,-0.0033674075,-0.0173637252,-0.0102069387,-0.0745590553,0.0263439566,-0.0195922516
1.4393420219,-0.0022971167,-0.0011760575,-0.0138403187,-0.0499826074,0.0233822539,-0.0185381714
1.4493989944,0.0007338988,0.0053934474,-0.004596652,-0.0359584726,0.0086770114,-0.0143018151
1.4592750072,-0.0011199249,0.0061666984,0.0008701074,-0.0284134746,0.001322159,-0.0132456059
1.4693250656,-0.0009349717,0.0098442454,-0.0101049552,-0.0007554805,0.0100248363,-0.0174954794
1.4794870615,-0.0056802463,0.0107497592,-0.0198661108,0.0247815698,0.017682489,-0.0164363403
1.4898860455,-0.0115223061,0.0137596149,-0.0118880281,0.0216243658,0.0134384092,-0.0121906614
1.4997960329,-0.0076195132,0.0158582348,0.0078021279,0.0121613555,-0.0004039023,-0.0068861768
1.5097900629,-0.0075777601,0.0042857546,0.0080616465,0.0132290972,-0.000409029,-0.0090094488
1.5198290348,-0.0153319072,-0.0044569355,0.0042671552,0.0014177123,0.0069362358,-0.0058173835
1.529908061,-0.0114107858,-0.0035115464,-0.0035278213,-0.0007262127,0.0080138166,-0.0005079063
1.5399889946,-0.0065598022,0.0003679412,-0.012292088,0.0163297355,0.0103265066,0.0058597121
1.5500639677,-0.0017380251,0.0082806367,-0.0178879518,0.0356032997,0.0041704765,0.0122218709
1.5601149797,7.22276e-05,0.0124213118,-0.007746161,0.0389282554,-0.0073895068,0.024956841
1.5702090263,0.0028910802,0.0233677048,-0.010211111,0.061289005,-0.001847602,0.0313251242
1.5802580118,0.0007331835,0.0138849635,-0.0253185052,0.0696896836,0.012047708,0.0355771296
1.5903229713,-0.0045254361,0.0093862433,-0.0258177537,0.0707141981,0.016350843,0.0430102758
1.6003880501,-0.0029625131,0.0088174958,-0.0136040458,0.0612091124,0.006759468,0.0493786931
1.6104719639,-0.0023900403,0.0023931877,-0.0062731514,0.0495271571,0.001343664,0.0483184904
1.6205660105,-0.0085930657,-0.0021409376,0.0038446772,0.0270791054,0.0042478414,0.0355840512
1.6305459738,-0.0079079997,-0.0068110209,0.0059962259,0.0110713243,0.0040869862,0.0324029066
1.6407209635,-0.0032366945,-0.0018734914,-0.0007914912,0.0025625248,0.0007809382,0.024970822
1.6507220268,-0.0034303202,0.0010768789,0.0020537961,-0.0113650896,0.0059653805,0.0249763485
1.6608110666,-0.0046514999,0.0001286882,0.0028849232,-0.0338695981,0.0153325172,0.0271103401
1.6708520651,-0.0077768099,-0.00285971,0.0064472542,-0.0573164187,0.0118668787,0.0154361725
1.6809200048,-0.0088913273,-0.0069359522,0.0214738827,-0.0711294264,0.0053242911,0.0069420207
1.6909810305,-0.0069705378,0.0005864518,0.0218386035,-0.0626064092,0.0064610615,0.0069392244
1.7010630369,-0.004093213,0.0110812206,0.0145810833,-0.0221391469,0.0153240617,0.0101187713
1.7110919952,-0.0012443794,0.0169065017,0.0115853539,0.0057717133,-0.000336458,0.0122291278
1.7212589979,0.0025495754,0.0189954657,0.0127584925,0.0366998017,0.0020904806,0.0175314806
1.7312669754,0.0024209486,0.0172314066,-0.0072807679,0.0569312274,0.0065405564,0.021774495
1.7413370609,-0.0027007891,0.008761527,-0.0184853692,0.0601294115,0.0077264621,0.0366394632
1.7513870001,-0.0010547175,0.0022550838,-0.0190366525,0.0399737321,-0.0041154833,0.0377012007
1.7614560127,-0.0013984872,-0.0120934825,-0.011975945,0.0229992755,-0.0137651805,0.0451332815
1.7715209723,-0.0066975486,-0.0196647625,-0.00699407,0.0282879137,-0.0082948487,0.0631842539
1.7815520763,-0.0061990749,-0.0125745516,-0.0038537991,0.035864342,-0.018839635,0.0631770641
1.7916439772,-0.0076231193,-0.0064467769,0.0090203872,0.0294907838,-0.0220918208,0.0610528588
1.8017380238,-0.0061258208,-0.0062193852,0.0091630807,0.0112899421,-0.0158288646,0.0695549995
1.8117849827,-0.0066189598,-0.0089651328,0.0052885404,-0.0089864871,-0.0160411857,0.0642516539
1.8218770027,-0.0080689918,-0.0009981972,0.0072442875,-0.0090482729,-0.0096474681,0.0685020536
1.8319380283,-0.0096014272,0.0157449264,0.0130611053,-0.0111373616,-0.013896808,0.0706245899
1.8420079947,-0.0043061804,0.0218179245,0.0112001887,-0.0036200574,-0.0180132557,0.0801768154
1.8520720005,-0.0029348268,0.0103214998,0.0014666903,-0.03154964,-0.0002743397,0.0716987774
1.8621430397,-0.0084011387,0.0045510549,0.0098570576,-0.0550749414,0.0036884442,0.0600269437
1.8721519709,-0.0039197039,-0.0043181758,0.0083776107,-0.0604007319,0.001395862,0.0409141034
1.8822720051,0.0007376837,-0.0093761068,-0.0106345424,-0.0487533957,0.0099102538,0.029235607
1.8923090696,0.0054361392,-0.0056056958,-0.0284858961,-0.0178776905,0.0165064372,0.0228588693
1.9024480581,0.0032741295,-0.0075542312,-0.0218604226,-0.0167285353,0.007986187,0.0164835285
1.9125220776,0.001230465,-0.0066429358,-0.0036740911,-0.0294983946,0.0046401913,0.0090551721
1.9225679636,-0.003715141,-0.0009140951,0.0105856052,-0.0209432542,0.0025512076,0.0026811627
1.9325649738,-0.0056792926,0.0009747761,0.0162462573,-0.015566892,-0.0016384106,0.0037386371
1.9426410198,-0.0037245585,0.0019431132,0.0240060072,0.0123739298,-0.0204456542,0.011154742
1.9527089596,0.001119809,-0.000879882,0.0116139045,0.0262303576,-0.0181117933,0.0249551088
1.9628200531,-0.0058870148,-0.0104340892,-0.0036821973,0.0143326838,-0.0022923499,0.0260278303
1.9728870392,-0.0120054018,-0.0277949553,-0.0016216647,-0.0262073092,-0.0037218682,0.0239142794
1.9829230309,-0.0102545153,-0.0307160001,0.0011353481,-0.0400043502,-0.011256217,0.0260376167
1.9930009842,-0.0056039225,-0.0171290617,-0.0059099807,-0.019773569,-0.0056846845,0.0398392528
2.0030610561,-0.0039342176,0.002345802,-0.0138424048,-0.0037453324,-0.0076668751,0.0398341902
2.0131149292,-0.0032549335,0.008263411,-0.0061564455,-0.0058727441,-0.0087736184,0.0355863832
2.0231640339,-0.0015144481,0.0043505449,-0.0189578552,-0.0006702598,0.003935785,0.0249734186
2.0334310532,-0.0036991371,-0.0063002687,-0.0258142371,0.0109588858,0.0145852994,0.015420327
2.0436339378,-0.0077677201,-0.000275491,-0.0168179292,0.0430659577,0.0052812807,0.0100985318
2.0534291267,-0.0019752814,0.0068598408,-0.0094048986,0.0720596015,-0.0124756787,0.0143287638
2.0634479523,0.0018724964,0.004344346,0.0030839432,0.0785129741,-0.0177593902,0.0090154912
2.0735750198,-0.0020514561,-0.0049964171,0.0126154413,0.071031034,-0.016791597,0.0047709453
2.083564043,-0.0049391221,-0.019262312,0.0162606221,0.0721205324,-0.0188904349,0.006893218
2.0936770439,-0.0088461172,-0.0199232083,0.0062607517,0.0879813731,-0.0038620834,0.0122058252
2.103703022,-0.0127942692,-0.0205671173,-0.0008222472,0.0666574389,-0.0062051332,0.0069010747
2.113781929,-0.0079105627,-0.0261120778,0.0055918684,0.0304537825,-0.0139149847,0.0122159449
2.1239280701,-0.0010791852,-0.0250639301,0.0028618563,-0.00917219,-0.0005152891,0.0048001064
2.1339168549,-0.0069429409,-0.0212992411,0.000638901,-0.043364007,0.0034237257,0.0037487573
2.1440269947,-0.0069808792,-0.0147095304,0.0108212223,-0.07310725,-0.0106580053,-0.0004979193
2.1540310383,0.0018899904,-0.0073168855,0.0051965704,-0.0912678838,-0.0086951219,-0.000491661
2.164167881,0.0018994974,-0.0048118215,-0.010226489,-0.0807878077,0.0105030742,0.0005770656
2.1741580963,-9.72284e-05,-0.0090209227,-0.009009243,-0.0839916989,0.0104475468,-0.0036694778
2.1842999458,0.000908302,0.0004102009,0.0058838711,-0.0774632245,-0.0022562635,-0.0079246769
2.1943001747,0.0009621846,0.0069323797,-0.0072880993,-0.0371082164,0.0172045864,-0.0068650716
2.2043850422,-0.0039339196,0.0058465619,-0.0230534691,0.0022983123,0.0249418691,-0.0121802082
2.2144341469,-0.0019899143,0.0117637534,-0.0170471687,0.0408178195,0.015747238,-0.0090072518
2.224545002,0.0068491269,0.015880229,-0.0155882845,0.0687261522,0.00011608,-0.0026513513
2.2345659733,0.0038473473,0.0113436002,-0.0100758085,0.0814637542,0.0066238469,0.0015936607
2.2446489334,-0.0010952784,2.24727e-05,-0.0083978781,0.0707791597,0.0075570187,-0.0037121549
2.2548179626,-0.0030660166,-0.0142356735,-0.0038068306,0.0762068629,-0.0008726185,-0.0015920789
2.2648310661,-0.0031149222,-0.018793283,0.006492733,0.0550405905,-0.0179589279,0.0100845508
2.274834156,-0.0070624482,-0.010759173,0.0060231076,0.0560149103,-0.0083732121,0.0143366205
2.2849369049,-0.0149590801,-0.0202928763,-0.0004174125,0.0196142923,0.0029670605,0.0122279292
2.2949619293,-0.0209109318,-0.0231196862,0.0219938736,-0.0272334535,-0.0091883391,0.0005520319
2.3050839901,-0.0149533283,-0.0223320704,0.0265190583,-0.0614311099,-0.0053326148,-0.0132407462
2.3150780201,-0.0128341448,-0.0168974381,0.0112529984,-0.0808252022,0.0124956518,-0.0195982438
2.3252248764,-0.0087027084,-0.0134881716,-0.0089870105,-0.0883968398,0.0219032671,-0.031271413
2.3352341652,-0.0055710208,-0.0013180954,-0.0175931472,-0.0820435137,0.0272415057,-0.0344538242
2.3453688622,-0.0005081726,0.014821114,-0.0202603955,-0.0627909899,0.0231860466,-0.0312753394
2.355369091,0.0075033773,0.0154877324,-0.018798532,-0.0456331,0.0148689933,-0.0280995201
2.3654408455,0.0057707895,0.0133274216,-0.0132963071,-0.0317401886,0.0128543125,-0.0302276518
2.3755159378,-0.0018721058,0.0141395945,-0.0077127228,-0.0050662067,0.0142243095,-0.0185537525
2.3855581284,-0.002796991,0.0111658592,-0.0087282667,0.0046524676,0.003802028,-0.0026344405
2.3956210613,0.0001307593,-0.0102224927,0.0029545415,-0.0166919157,0.0036020246,-0.0047529847
2.4059939384,-0.003725244,-0.0112259965,0.0096993437,-0.0059806826,-0.0005833993,-0.0100667905
2.4157671928,-0.0016948415,-0.0150968414,0.002042352,0.0153995473,-0.0035108794,0.0005444419
2.4258818626,0.0032157467,-0.0023366793,0.0052050338,0.0239706635,-0.0065916241,0.0047879228
2.4358959198,0.0041873921,0.0075162072,0.0074101081,0.0261688121,-0.0129318777,0.0058457968
2.4465429783,0.0002152191,0.0105690379,0.0096058836,0.0186158195,-0.0044814018,0.0100991316
2.4560830593,-0.0037250055,0.0174129028,0.0038084972,0.0003821943,0.0048866002,0.0069248429
2.4660959244,-0.0037892296,0.0183339138,-0.0002347243,-0.0295288302,0.0078155454,0.0079957005
2.4762349129,1.61396e-05,0.0143167395,-0.0044400706,-0.0328085981,0.0151875075,0.0037524193
2.4862360954,0.000926392,0.0025034563,-0.0203132052,-0.0211010762,0.0184868984,0.005874692
2.4963960648,0.0007656681,0.0092986841,-0.0214203615,0.0003416613,0.0091725588,0.0132973883
2.5065851212,0.005477326,0.013304593,-0.0096902857,0.0164652374,-0.0023655863,0.0122257322
2.5164940357,0.0053495634,0.0095661301,0.0021845091,0.0293893982,-0.0139110554,0.0143404147
2.5264790058,0.001304345,0.0068610925,0.0025379646,0.0560841262,-0.0146628655,0.0260130502
2.536593914,0.0001885461,0.0110527296,0.0040363655,0.0614834949,-0.0209822133,0.0260084569
2.5466299057,-0.0058642756,0.009476902,0.0182254892,0.0615000129,-0.0219670516,0.0376877487
2.5567321777,-0.0071160328,0.0108211059,0.0168768745,0.0667749047,-0.0155057572,0.0451220274
2.5667550564,-0.013286842,0.0005096215,0.0106676212,0.0506364144,-0.0029620016,0.0376998
2.5768289566,-0.0125736427,-0.0079925042,0.0168150645,-0.003640458,-0.0183332339,0.0313353762
2.5868868828,-0.0039397012,-0.0128753763,0.0128242364,-0.0379211977,-0.005961786,0.0217940714
2.5969748497,-0.0060108434,-0.0238088351,-0.0032799852,-0.0722130463,0.0074423696,0.0080066863
2.6070289612,-0.0090243947,-0.0095154028,-0.0010908854,-0.0701347142,0.0127314068,0.0026998047
2.6171610355,0.0017170177,0.0038152353,-0.0056070699,-0.0562021472,0.0064666541,-0.0004931257
2.6272480488,0.0036589967,0.0035476701,-0.0071188221,-0.0508446656,0.0043981769,0.0005662798
2.6372950077,0.000724362,0.0072228927,-0.0037438881,-0.0497244298,-0.0009045764,-0.0004983189
2.6472969055,0.0007438528,0.0021647827,0.0026553858,-0.0486264154,-0.004092114,-0.0026237876
2.6574459076,-0.000171466,-0.0018830282,0.0052624932,-0.0208366476,-0.0080801975,-0.0005089715
2.6674180031,-0.001133634,-0.0048307758,0.0013284076,0.0122454055,-0.0077773966,0.0016063773
2.6775610447,0.0008043515,0.0001902002,-0.0012460363,0.0442820601,-0.0095705036,0.0090291398
2.6875529289,0.0027102993,0.0023749487,-0.0007514369,0.0518307909,-0.0168768857,0.0175179653
2.6976809502,0.0016365813,-0.0002809746,0.0074717388,0.0252737477,-0.0287539158,0.0217666402
2.7076640129,-0.0033269657,-0.0040909629,0.0017554748,-0.0143410377,-0.0164083019,0.0154120708
2.7177681923,-0.0112114083,-0.0139381867,-0.010192276,-0.0412434638,0.0056256941,0.0133065097
2.7278928757,-0.0133266579,-0.0179942828,-0.0164715666,-0.0508572087,0.0066166567,0.0154330442
2.7378950119,-0.0085888039,-0.0084337573,-0.0101568112,-0.0550536104,-0.000839662,0.016491117
2.7480239868,-0.0028673543,-0.0017566067,-0.0056929598,-0.0422810875,0.0024413522,0.0143659152
2.7580220699,-0.0098400842,-0.0038006885,-0.0031198275,-0.0284525715,0.0067715188,0.0090559712
2.7681479454,-0.006020559,0.002022566,0.0006242383,0.0015117209,-0.0014624423,0.0079824515
2.7781538963,0.0027326213,0.0050153155,-0.0030868065,0.0378361195,-0.0053822156,0.0090326685
2.7882530689,0.0046144295,0.0062232632,-0.0065018549,0.069840394,-0.0040277322,0.0111488169
2.7983870506,0.0035746859,0.010465147,-0.0077434788,0.0784008354,-0.0060403501,0.0164544322
2.8083839417,0.0054907072,-0.0018013698,-0.0030658257,0.0635622293,-0.0168501195,0.0058348114
2.818420887,0.0016201602,-0.0170750599,0.0131000867,0.0475223549,-0.0138421468,0.0005319916
2.8285489082,-0.0051986109,-0.0100814085,0.0115625849,0.0485047959,-0.0053378744,0.0015977887
2.8385300636,-0.0041377377,-0.0070099812,0.0061416016,0.0411196351,-0.0139123201,-0.0015896156
2.8486590385,-0.0020619466,-0.0166155677,0.0084337583,0.012434463,-0.0269029532,-0.002650619
2.8586790562,-0.0058778059,-0.0234476309,0.0084599843,-0.0175834894,-0.0134065198,-0.0079442505
2.8687939644,-0.0126042794,-0.0245792251,0.0072079888,-0.0422030836,-0.0062077288,-0.0100580016
2.8787710667,-0.0114738476,-0.0258338433,-0.0009945047,-0.0614383444,-0.0042870571,-0.0153622199
2.8888721466,-0.0064425599,-0.0173955541,-0.002551974,-0.0731453374,-0.0075795231,-0.0164226908
2.8989300728,-0.0014412536,-0.0060676914,0.0016683924,-0.0741771013,-0.0107374992,-0.0111147445
2.9090209007,0.0035557912,0.0033223049,-0.0076830401,-0.0624658465,-0.0073896395,-0.0015598548
2.9190559387,0.0006632673,0.0099174995,-0.0139601836,-0.0368620045,-0.0060705766,0.003743564
2.9292190075,-0.0013679101,0.0137366075,-0.0141921053,-0.0166366287,-0.0005469138,0.0101119811
2.9391829967,-0.002406223,0.0088724513,-0.0171480197,0.0056774104,0.0080409814,-0.0047556479
2.949326992,-0.0082588922,-0.0046967249,-0.0112022767,0.016368404,0.0059914123,-0.0079447841
2.9593529701,-0.0042686295,0.0002680438,-0.004138411,0.0302944481,0.0007790742,-0.0121973194
2.9699678421,-0.0021801128,-0.0005886537,-0.0037576568,0.0483674593,0.0072481586,-0.0206930693
2.9796199799,-0.0029806329,-0.0014325363,0.001480757,0.0325275585,-0.0099020656,-0.0260068756
2.9898381233,0.001214491,-0.0033727272,0.0065863123,0.0112670129,-0.0186180584,-0.0323766246
2.9996571541,0.0006093847,-0.0102862697,-0.0030351889,-0.0037691416,-0.0092206961,-0.0355531089
3.0096669197,-0.0058571827,-0.011434732,-0.0079642544,-0.0165629685,-0.0103797037,-0.0334268436
3.0198068619,-0.006526364,-0.0009047968,-0.0110202441,-0.0146084204,0.0077039585,-0.0291713756
3.0298118591,-0.0073090326,-0.0020209535,-0.0218262691,-0.00507457,0.0152702658,-0.0206756257
3.039880991,-0.0062780809,-0.0030072911,-0.016987564,0.0076959278,0.0196945742,-0.0100578684
3.0499238968,-0.0053495895,0.008748116,-0.0062084212,0.0216895081,0.0081931818,-0.0026345735
3.0600261688,0.0014328526,0.0117982049,-0.0020696532,0.0303588398,-0.0043662861,0.0122210709
3.0700600147,0.0032958554,0.0051057953,-0.0047761211,0.0111611784,-0.0055950684,0.0122253327
3.0801479816,-0.0006930066,-0.0036115034,-0.005749465,-0.0176540911,-0.0058955397,0.0048002396
3.0902190208,-0.0026830568,-0.0114713293,-0.0078508863,-0.0252747256,0.0088724867,0.0016241539
3.1003041267,-0.0036827161,-0.008626936,-0.0128989825,-0.0081808539,0.0069001499,0.001618295
3.1103448868,0.0001821684,0.0001680868,-0.008000792,0.0015111882,-0.0014693667,0.0069206487
3.120470047,-0.0017927422,0.0089489836,0.0036615718,-0.0124402335,0.0057597179,-0.0047513871
3.1305298805,-0.0085974764,0.0039920826,0.0054109679,-0.0211418457,0.0215378813,-0.0142974881
3.1405558586,-0.0105045568,-0.0039809328,-0.0007755172,-0.0350682624,0.0267005526,-0.0174763687
3.1506791115,-0.0065233242,0.0006598252,-0.0002079022,-0.0404395908,0.0297884885,-0.024906056
3.1607151031,-0.0064298939,0.0052940864,0.002255975,-0.0457904935,0.0307903029,-0.0270290636
3.1707930565,-0.003402604,0.0089431424,-0.0020602953,-0.0446663722,0.0255430769,-0.0195993762
3.1808559895,0.0005720126,0.0116513986,-0.0063341274,-0.0318699367,0.026750952,-0.0142934266
3.1909070015,0.0015443133,0.0183532257,-0.0124002704,0.0033405144,0.0281957164,-0.002621857
3.2009658813,0.0004019009,0.0301086325,-0.0103967795,0.0322703794,0.0179686472,0.0175401364
3.2110359669,0.0040882695,0.0274215359,0.0035032618,0.0198206343,-0.0171009228,0.0260201748
3.2211580276,0.0049213041,0.0042436738,0.0076517449,0.0155019192,-0.0118556283,0.0228401609
3.2311820984,-0.0040468704,-0.0170369726,-0.0135626206,0.0355462022,0.0117050922,0.0292176306
3.2412319183,-0.0111856889,-0.0138797145,-0.0220121164,0.0516320653,0.0044945832,0.0408891998
3.2513110638,-0.0056963693,-0.0047798734,-0.0137916813,0.0421695895,-0.009340805,0.0472554862
3.2612919807,-0.0070904922,-0.0073676687,0.0001488316,0.0250254348,-0.0020645163,0.0472650751
3.2714509964,-0.0133347046,-0.013005672,0.010922431,-0.0101290895,-0.0087796766,0.0408998542
3.2814898491,-0.0126457643,-0.0110209566,0.0107628694,-0.0251239631,-0.0036187372,0.0387823768
3.2915849686,-0.0099687111,-0.0091613512,-0.0002608311,-0.0348719358,0.0100211743,0.028173672
3.3016250134,-0.0102312695,-0.0112048369,0.0051264749,-0.0541322306,0.014015384,0.0154379038
3.3117079735,-0.0064813923,-0.0094393473,0.0143266311,-0.0785393044,-1.28169e-05,0.0122516975
3.3217480183,0.0002813803,-0.0028459413,0.0128362169,-0.0584173687,0.0149914324,0.0080060866
3.3318309784,-0.0007925464,0.0047338624,0.0055388794,-0.0392969362,0.0236126184,0.0026965423
3.3419129848,0.0030579434,0.0192391295,0.0082033267,-0.006138715,0.0164593682,0.0005622851
3.3519339561,0.0117949415,0.0192654748,-0.0005158198,0.0268906076,0.0220741089,0.0037420995
3.3620390892,0.0156409908,0.0096603651,-0.0051434054,0.0354881696,0.0157909803,0.0047971769
3.3720879555,0.010640787,0.0049588103,-0.0028997671,0.0333858691,0.0125893271,0.004796112
3.3821730614,0.0037635432,0.0011611598,-0.0046992311,0.0132286707,0.0007052377,-0.000512367
3.3922529221,0.001807736,-0.0075522047,-0.0026712429,0.0068690423,-0.0035877777,0.0005489027
3.4023199081,-0.0011129214,-0.0211695414,0.0021991718,-0.0112118768,-0.010132296,-0.0026359051
3.4124000072,-0.0059534442,-0.0222221594,0.0049589262,-0.0176370181,-0.0080800643,-0.0047568465
3.4224429131,-0.008821113,-0.0223685484,-0.0001551521,-0.0283840224,-0.0007387283,-0.0036892516
3.432502985,-0.0107780229,-0.021546362,0.0004807699,-0.0380425081,0.0044685504,-0.0058077965
3.4425468445,-0.0088229906,-0.0178465229,0.0020053971,-0.0476478636,0.0043566315,-0.0100522758
3.4525918961,-0.0068707597,-0.0102642756,-0.0003615629,-0.038070336,0.0076927734,0.0005649482
3.4627161026,-0.0039506089,0.0061243195,-0.0075088749,-0.025297815,0.0109737879,-0.0015602543
3.4727389812,-0.0001217557,0.0158070344,-0.0096172104,-0.0028620157,0.0091098417,0.0079893088
3.4828290939,0.0007252561,0.0178358573,-0.0114734182,0.0184731539,0.0103845634,0.0122321239
3.4929120541,-0.0063257348,0.0179939885,-0.0025704515,0.0281108674,0.0073062154,0.0154135358
3.5029711723,-0.0064769518,0.018226685,0.0007101882,0.0547522232,0.0106884297,0.010098665
3.5130410194,-0.0036268963,0.0048824567,-0.0132721672,0.0846755058,0.0067192544,0.0122126825
3.5230779648,0.0001290904,-0.0053859334,-0.0124471197,0.0964630023,0.0026394918,0.0217644423
3.5331459045,-0.0001045002,-9.833e-06,-0.0028190624,0.1028876081,0.0005803357,0.0228235815
3.5432469845,-0.0022585227,-0.009247778,0.002935766,0.0879458115,0.0004363253,0.0207033735
3.5532810688,-0.0072957408,-0.0147216897,0.0161957722,0.0548690856,-0.0009967217,0.0079694679
3.5633940697,-0.0092883538,-0.0145302396,0.0146219125,0.0334594026,0.0051413318,0.0016071764
3.5734138489,-0.0072836708,-0.0145104509,0.0030910957,0.0153155504,0.0049482528,-0.003697308
3.5835399628,-0.0023347868,-0.0077288132,-0.0056370506,0.00355836,0.0069881673,-0.0005075734
3.5935530663,-0.0052669179,-0.0009101016,-0.0037081849,-0.0060143722,0.0037143435,-0.0015685767
3.6036429405,-0.0082558524,0.0049069542,0.002988993,-0.0198295731,-0.0016422053,0.0090498459
3.6136951447,-0.0054119956,0.0077492613,0.0018048275,-0.0273958798,0.0078346534,0.0079947012
3.623816967,-0.0065234434,0.0086598415,-0.0023297083,-0.0114179784,0.0112204626,0.0175478607
3.633808136,-0.0047671925,0.0145373959,-0.0014536392,-0.0049081473,0.0006732796,0.0186027382
3.6439139843,-0.0010045005,0.0136138219,0.0131044975,-0.0111712646,-0.0131903365,0.0164746065
3.6539349556,-0.0001171364,0.0078178067,0.0044015036,0.0121777337,-0.0002532338,0.0164751392
3.6640889645,-0.003156407,-0.0077063423,-0.011090518,-0.0027909344,0.00276972,0.012235119
3.674079895,-0.0042669903,-0.0076373797,0.0044351206,-0.0112230359,-0.0079356544,0.0090465164
3.6842131615,-0.0013218953,-0.0067078453,0.0111469021,-0.0207856745,-0.0133701675,0.0016107715
3.6942129135,0.0007527636,-0.0087776165,0.0051850067,-0.0165214203,-0.0133882761,-0.0068847123
3.7043540478,-0.0020080938,-0.0079007726,0.0050905934,-0.0122523475,-0.0134009924,-0.0143168624
3.7142989635,-0.0018386377,0.0007412451,0.0079021445,-0.0154633205,-0.0123541057,-0.0121919261
3.7277941704,0.0012599395,-0.0013505203,0.0038356769,-0.0219434034,-0.0049962569,-0.0143108042
3.7351419926,-0.0005703105,-0.007364152,0.0016311991,-0.032753706,0.008696652,-0.015363019
3.7451848984,-0.004401518,-0.0007327182,-0.0016228568,-0.0307014491,0.0172377415,-0.0100500789
3.7552950382,0.0004735457,0.0049654264,-0.0067424187,-0.0189055111,0.0120906513,-0.001561253
3.7653579712,0.0043278802,0.0097785015,-0.0059372196,-0.0156034566,0.0026319018,0.0079893749
3.7751321793,0.0002180504,0.0127096195,-0.0060824165,-0.0028202832,0.0060514007,0.0271002185
3.7846450806,0.0009868012,0.0001211184,-0.0177665967,0.0025173575,0.0049618343,0.0154175302
3.7949051857,-0.0031218959,-0.0182708483,-0.0060858144,0.0004171887,0.0017878792,0.0196636748
3.8047719002,-0.0004053844,-0.0152463298,-0.0021460664,0.0069135972,-0.0066045402,0.0260304939
3.8149020672,0.0023507343,-0.0180541258,0.0037832845,0.0016919374,-0.0183637291,0.0196551532
3.8249311447,-0.0075178277,-0.0160409193,0.012562274,-0.0026445938,-0.0120833283,0.0122266645
3.8350391388,-0.0085020196,-0.0102013331,0.0077171912,0.0015653307,-0.0068102693,0.0016102389
3.8450388908,-0.0054694843,-0.0131633263,0.0009001482,-0.0058885366,-0.0090810135,-0.0111301905
3.8551790714,0.0025178061,-0.0112912636,-0.0029686701,0.0058173873,-0.0058023958,-0.012193324
3.8652050495,0.0007255839,-0.0054270606,-0.0076614036,0.0260618068,-0.0035425043,-0.0185704622
3.8752841949,-8.79897e-05,0.0024322288,-0.0034884226,0.0314416587,-0.0077191396,-0.0153885186
3.8853058815,-0.0028885736,0.0025295631,-0.0012255919,0.042988725,0.0114243943,-0.0238746144
3.8954119682,-0.0056865346,-0.0012286288,-0.0027725112,0.0589306727,0.0179163814,-0.0259990171
3.9054288864,-0.0065388512,0.0057625193,-0.0003395092,0.0728484318,0.013828231,-0.0206956659
3.9155430794,-0.0054752361,0.013822021,0.0032069075,0.0867243037,0.0139909498,-0.014328314
3.9255549908,-0.0044335257,0.0209388752,0.0048866854,0.0815421864,-0.0008401279,-0.0037167491
3.9356780052,0.0004745589,0.018332066,0.0016965258,0.0687717944,-0.0040934454,0.0026556626
3.945704937,0.0005008446,0.0019996779,-0.0007226479,0.0357543789,-0.0107554086,0.001598987
3.9559240341,-0.0034221841,-0.0143918972,0.0014969099,0.0218193904,-0.0044897902,0.0047910516
3.9659938812,-0.006408466,-0.0289018732,-0.0061172857,0.0058936598,-0.0119878538,0.0154098077
3.9762201309,-0.007401092,-0.0308622103,-0.0032633555,-0.0313647613,-0.0219254382,0.005858114
3.9861459732,-0.0132268798,-0.0320013762,0.0070849648,-0.0591577739,-0.0179646537,-0.0005043109
3.9961891174,-0.0121423136,-0.0264747124,-0.0002740633,-0.0688274503,-0.0117032947,-0.0036841251
4.0062932968,-0.0100642573,-0.0190634113,-0.0077615394,-0.0795875788,-0.0033356431,-0.0079249432
4.0163350105,-0.0070307981,-0.0116848927,-0.0065897712,-0.0946381614,0.0070885019,-0.0164103061
4.0264840126,-0.0068943035,-0.002384363,-0.006467463,-0.088277474,0.0113455653,-0.0227792561
4.0362739563,0.0001005994,0.006992938,-0.0099834809,-0.043576315,0.0233942382,-0.0249081887
4.0463562012,-0.0007799698,0.0233823676,-0.012165607,0.0150300069,0.0323880017,-0.0259803757
4.0566849709,-0.0007182492,0.0381264687,-0.0011361849,0.0653900355,0.0127230193,-0.0175091941
4.0667638779,0.0120605696,0.0287360568,0.0122782579,0.0912071988,-0.0071496223,-0.0079698833
4.0767550468,0.0112030972,0.0203610677,0.021910904,0.0838070735,-0.0147042125,-0.0175279696
4.086807251,-0.0003024472,0.0089775939,0.024613617,0.0795026645,-0.0115997652,-0.0238963868
4.0968308449,-1.45568e-05,-0.003450094,0.010801076,0.0869853422,-0.0125678238,-0.019651575
4.1069297791,0.0051318873,-0.0138803106,-0.0029673588,0.0817693323,-0.0242436547,-0.0132855531
4.1170611382,0.0053255428,-0.0087580066,-0.0051503791,0.071188584,-0.0327556506,-0.0026691281
4.1270608902,0.0015575157,-0.0094940048,-0.0123083005,0.0561141148,-0.0190660022,0.0015893332
4.1371507645,-0.0052065384,-0.0220471602,-0.0188362021,0.0101849707,-0.0152227962,0.0016029153
4.1471652985,-0.0091200005,-0.027945755,-0.0083064446,-0.0442918241,-0.0104002766,0.0005575579
4.1573190689,-0.0110614132,-0.0233510118,-0.0098676095,-0.0678437576,-0.003185241,-0.000494657
4.1673169136,-0.0110663306,-0.0158885103,-0.0153800258,-0.061536964,0.0064482111,0.0037549492
4.1774401665,-0.0111569893,-0.0024722798,-0.0130138407,-0.0475748107,-0.0018632482,0.0122416448
4.1874408722,-0.0044764709,0.0149741191,-0.0093753347,-0.0156326722,0.0058779619,0.0175464619
4.1975269318,-0.0046924483,0.0082289595,-0.0035984528,-0.0028399117,0.0070231212,0.0132965893
4.2075610161,-0.0068360399,0.0112683792,0.0071731196,0.0247956067,0.0178624541,0.0111705875
4.2176880836,-0.008949561,0.0202515144,-0.0031438482,0.0780236721,0.0310536213,0.0101018604
4.2276949883,-0.0081548821,0.0304107685,-0.00721562,0.1132843271,0.0271162055,0.0100919409
4.2378091812,0.0025002228,0.0270429868,-0.0032598984,0.1176950559,0.0122094275,-0.0037200113
4.2478637695,0.0064886082,0.0109365601,-0.0012730372,0.0986223221,-0.0018215026,-0.0143392999
4.2579741478,0.0008242296,-0.0013881904,0.0014965523,0.0889462531,0.0043567647,-0.0302607417
4.2679800987,0.0001601444,-0.0011787993,-0.0094825039,0.0804395601,0.0010855373,-0.0323840156
4.2780909538,0.0014629529,-0.0049033146,-0.0108172307,0.0580698065,-0.0033888398,-0.0376895629
4.2880921364,0.0017680393,-0.0067691784,0.0012338746,0.028216755,-0.0057310229,-0.0313116238
4.2982530594,-0.002855195,-0.0116872769,0.0013257253,0.0015241578,-0.0037520281,-0.0175004713
4.3082532883,-0.0056735706,-0.0127059203,-0.0016059291,0.0035216883,0.0101372879,-0.0058157193
4.3183288574,-0.0106026959,-0.0117658954,0.0002314437,-0.0156711824,0.0089708241,0.0037447626
4.3283977509,-0.0087747108,-0.0098587256,0.011674284,-0.0274160933,0.0099633839,0.0090577686
4.3384571075,-0.0059976708,-0.0119213443,0.0064942823,-0.0370388925,0.0120361224,0.0143702421
4.348526001,-0.004193766,-0.0081516486,0.0031822312,-0.0465580449,0.0034713969,0.015429914
4.3585538864,-0.0004381074,0.0053370018,-0.000101031,-0.0369650722,0.0046093655,0.0143662477
4.3687329292,0.0004103349,0.0139639396,-0.0062998543,-0.0327615142,0.0109916981,0.0111831715
4.3787488937,-0.0006977452,0.016791584,-0.0124092111,-0.0168083776,0.0164296068,0.0101200379
4.3888378143,0.0011674033,0.0147874374,-0.0164881963,-0.0157697983,0.0184568036,-0.0058059325
4.3990497589,-0.0027544333,0.0088858027,-0.0020644676,-0.0157634057,0.0173404068,-0.0143008828
4.4089870453,0.000238912,0.0078434367,-0.0012093794,0.0013093743,0.0174828861,-0.0153672136
4.4189777374,0.0022497938,0.0058931727,-0.0021315229,0.0173610449,0.0134063866,-0.011126129
4.4291229248,0.0022734271,0.0049935002,0.0077268472,0.0121421283,0.0017102479,-0.0079459818
4.4391169548,0.0033151375,0.000136556,0.0145835271,-0.0059575131,-0.0027060718,-0.01006719
4.4492521286,-0.0004978908,-0.0106688123,0.0144383898,-0.0263320021,0.0066171889,-0.0174897518
4.4592618942,-0.0052625965,-0.016703723,0.0111982217,-0.0423266813,0.0054371422,-0.0143008828
4.4693498611,-0.0032000376,-0.0150221568,0.003956913,-0.060466107,0.005306514,-0.0100492798
4.4793767929,-0.003132744,-0.0114714485,-0.0035057676,-0.079703182,0.0083632898,-0.0036720743
4.4894628525,-0.002182944,-0.0079558473,-0.0072526345,-0.1063702106,0.0070761847,-0.002604147
4.4995141029,-0.0031890108,-0.00942236,-0.0024948728,-0.1330260634,0.0047349995,-0.0004749495
4.5096569061,0.0007248985,-0.000233112,-0.0084807286,-0.1117127836,0.0080892518,-0.0026009511
4.5196447372,0.0055889655,0.007131936,-0.0171440858,-0.0775279179,0.0052668331,0.0069451495
4.5297489166,0.0113577116,0.0253955144,-0.0234945435,-0.0305057578,-0.0006195516,0.017547993
4.5397801399,0.0111966897,0.0361327529,-0.0293883104,0.0238448307,0.0073036188,0.0207235459
4.549847126,0.0001367794,0.0403184295,-0.02513838,0.0727988929,0.0215806924,0.0292127728
4.5599117279,-0.008089168,0.035936296,-0.0108944783,0.0749778971,0.0173830185,0.0334573165
4.5700478554,-0.0084560942,0.0227770228,0.0043674698,0.0665364191,0.0077453041,0.0313313156
4.5800161362,-0.006765468,0.0036562101,0.0116862645,0.0388507321,0.0010815425,0.0228406265
4.5901918411,-0.0187182557,-0.0009919388,0.0187301617,0.0217427425,0.0040947762,0.0196609441
4.6001791954,-0.0168925952,-0.010636447,0.0081341853,0.0003309287,0.0102051329,0.009051444
4.6103172302,-0.0101094972,-0.0262327176,0.0041812649,-0.0305145215,-0.0007160245,0.0026822945
4.6203188896,-0.0052226316,-0.0331794024,0.0067957626,-0.0465118662,-0.0019306922,0.0005621519
4.6304469109,-0.0091155302,-0.0266097765,0.0062727323,-0.0690409541,0.0095382771,-0.000488798
4.6404681206,-0.0149997901,-0.0114077311,0.0113018742,-0.0873019844,0.0210162345,-0.0057874229
4.6505599022,-0.0091223251,-0.0030674322,0.0084872236,-0.0872910619,0.0199337937,-0.008972697
4.6605968475,-0.0032681061,0.0043518562,0.0096447458,-0.0744290575,0.0147821754,-0.0026077421
4.6706829071,0.0045399833,0.0176885147,0.0051683174,-0.0445027724,0.0108546112,0.0058770222
4.6807198524,0.0073827375,0.0214715023,-0.0058044204,-0.0050674845,0.0165668242,0.0154260527
4.6907639503,0.0052163173,0.0186207313,-0.0145581374,0.0141679682,0.0146460868,0.0207303371
4.7008552551,0.0078886915,0.0139853973,-0.0084699402,0.0388557389,0.0011366699,0.0313353091
4.7108969688,0.0114762355,0.0045537371,-0.0099788317,0.0464682505,-0.0125001129,0.0451289564
4.7210168839,0.0062543023,0.0058779735,-0.0143651972,0.0624032766,-0.004898652,0.0504377
4.7310819626,-0.0049273204,0.0004243868,-0.0158380289,0.0517407507,-0.006045077,0.0515007637
4.7411422729,-0.0102231335,-0.009923337,-0.0018413675,0.029392302,-0.0126414606,0.046194151
4.7511968613,-0.008613212,-0.019421218,0.0051570521,-0.0014979169,-0.0182392914,0.0430155359
4.7612400055,-0.0098804068,-0.0242289882,0.0089378944,-0.0345687866,-0.0195961725,0.0419614576
4.7713527679,-0.0130967032,-0.0184273701,0.0095953932,-0.0464443788,-0.0070060114,0.035597764
4.7814221382,-0.0123868417,-0.014650045,0.0110903969,-0.0593394078,0.0013147687,0.0271108057
4.7914571762,-0.0058212709,-0.0089201909,0.0184038859,-0.0560756996,-0.0039441753,0.030295413
4.8015370369,0.0027316974,0.0055902023,0.0093177548,-0.0188646838,0.0101751052,0.0302930158
4.811589241,-0.0004865064,0.0124428291,-0.0015152108,0.0002230974,0.0220151208,0.0302928835
4.8216180801,-0.0037422909,0.0193711538,0.0101020923,0.0056082755,0.0167082399,0.0228562728
4.8318691254,0.0028567777,0.0155990738,0.0043724761,0.0290315486,0.0221970808,0.0196681358
4.8419847488,0.0016299353,0.0090113897,-0.0108804712,0.059961237,0.0246447921,0.028155895
4.8519058228,-0.0006487502,0.006426217,-0.0104252705,0.0505364127,0.0065458161,0.0313334465
4.8619832993,0.0020384954,-0.0079027396,0.0035459388,0.0133648114,-0.0118590239,0.0249629002
4.8720340729,-0.0010177626,-0.0282387715,0.0075318799,0.0005778568,-0.0141630583,0.0143479388
4.8821048737,-0.0089530777,-0.0291492324,-0.0011979353,0.0143674389,-0.0055261594,0.018595947
4.8921790123,-0.0090695154,-0.017368732,-0.0049307356,0.024101533,-0.018139489,0.0238959696
4.902176857,-0.0032976998,-0.0152723175,-0.0008063924,0.0113460561,-0.0235979035,0.0175256897
4.9122781754,-0.0033208265,-0.0249660593,0.0021757472,-0.0089638224,-0.0206266809,0.012223402
4.9223308563,-0.009233905,-0.019136427,-0.000813843,-0.0123249991,-0.0047395951,0.0122321909
4.9323987961,-0.0152080785,-0.0084423404,0.0029456604,-0.0185833462,-0.01853377,0.0207218826
4.9424629211,-0.0114457142,0.0071379561,0.0086603751,-0.0133212069,-0.0110462932,0.0228478834
4.952504158,-0.0106378924,0.0149402637,-0.0020868194,0.0078258095,0.0082110912,0.0186043363
4.9625740051,-0.0118327569,0.0082832593,6.1381e-06,0.0302158035,0.0105496123,0.0217852164
4.9726352692,0.0026508437,0.0056045074,-0.0015257013,0.0463619381,-0.0030967575,0.0228361655
4.9827651978,0.0053971577,-0.0009523613,-0.0088906894,0.0420188531,0.0042929817,0.02284096
4.9928078651,0.0003490614,-0.0085446816,-0.0144597301,0.0281388834,0.0040819263,0.0090408577
5.002863884,0.0012441145,-0.0151777249,-0.0015234959,0.0218607485,-0.008747586,0.0026652501
5.0129098892,-0.0016397967,-0.0150864106,0.0151884547,0.0123472717,-0.0184355676,-0.0058318982
5.0230112076,-0.0024657084,-0.0082811099,0.0152950278,0.0048965458,-0.0206505172,-0.0100783082
5.0330371857,-0.0031908287,-0.0229871254,0.0123469224,-0.0261686165,-0.0104132593,-0.0259936918
5.0431337357,-0.0028535856,-0.0261620265,0.0072331419,-0.0368638709,-0.0084190853,-0.0312989727
5.0531721115,0.0053040553,-0.0274437647,-0.0057115569,-0.0401253104,-0.0021179793,-0.0366016626
5.0632581711,0.0056365896,-0.0228839498,-0.0002905142,-0.059283562,-0.0076323203,-0.0429703481
5.073307991,0.0050110091,-0.0095993262,0.0079714647,-0.0550234839,-0.0064779064,-0.0344771892
5.0834369659,0.0023418234,0.0115222353,-0.0030976546,-0.017732041,0.0002905172,-0.022803491
5.093433857,-0.0043981802,0.0240630526,-0.0100214491,0.0068353005,-0.0004254738,-0.002634973
5.1035370827,-0.0024591519,0.0270385165,-0.0099144587,0.023892846,0.0019079879,0.0069180522
5.113568306,-0.0035588874,0.0126278419,-0.0202969331,0.045142822,0.0117134135,0.017534811
5.1237030029,-0.0096881818,-0.0026458486,-0.0189383049,0.0483580567,0.0107219201,0.0239042938
5.1336979866,-0.0090234708,-0.0023144467,-0.0136206159,0.049559515,-0.0019462053,0.032392852
5.1438188553,-0.0053272378,-0.0059308987,-0.0132023701,0.0347512737,-0.0159597583,0.0185862277
5.1538090706,-0.0054219496,-0.0106059294,-0.0031591069,0.0178032108,-0.0288473945,0.0175218284
5.1639051437,-0.0064696204,-0.003642319,-0.0077425847,0.0379534848,-0.0159036331,0.022832172
5.174036026,-0.0055255424,-0.0093449932,-0.0162063856,0.0155561399,-0.0183177888,0.0079709329
5.1840353012,-0.0084353816,-0.0199805479,0.0101271858,-0.0174992811,-0.0218728427,-0.0047640372
5.1941781044,-0.0024085178,-0.0142555814,0.0051818481,-0.0144700678,-0.0049037789,-0.0100649921
5.2041649818,-0.0032461418,-0.0055866819,-0.008480669,0.0045880452,0.0101041989,-0.012185934
5.214302063,-0.0002251698,0.0060579795,-0.0084626088,0.0045541162,0.013266569,-0.0153698754
5.2243022919,0.0066785682,0.0128814001,-0.0044958605,0.0183729939,0.0186858363,-0.0164324772
5.2344460487,0.0047539938,0.0197321791,-0.0072890529,0.0332849361,0.0220476761,-0.0090018585
5.2444038391,0.0018291043,0.026688816,-0.0089446912,0.0493360758,0.0179642532,-0.005822577
5.2545642853,0.0007967221,0.0249514598,-0.0095086107,0.0556695238,0.0254880153,0.0005510998
5.2645668983,-0.0042187106,0.0164163131,-0.0081856856,0.0386487283,0.0200338624,0.0005526977
5.2746992111,-0.0052572023,-0.005834518,0.0027127254,0.0057674791,-0.0004487764,-0.0047581783
5.2846951485,-0.0023011698,-0.0145483594,0.0018378485,0.0078511368,0.0049095033,0.000552964
5.2947692871,-0.0082266461,-0.0116117578,-0.0107791433,0.0088989306,0.0071112723,0.0111705875
5.3048973083,-0.0102981161,-0.0105862599,-9.90641e-05,-0.0186562631,-0.0122499084,0.0079825176
5.3148927689,-0.0074103009,-0.0125916582,0.0123643866,-0.0347377658,-0.0049627014,0.0079902411
5.3249731064,-0.0093707573,-0.0108243804,-0.0016037237,-0.0401927158,0.0066340338,0.003750222
5.3350248337,-0.0094024669,-0.0110334139,-0.0069350014,-0.0562198013,0.0086087007,0.002694079
5.3451061249,-0.0035910441,-0.0102760773,-0.0064593563,-0.0509251729,0.0129200928,0.0058802846
5.3551988602,0.0001856254,-0.004613338,-0.0098114023,-0.0403023064,0.018366389,0.0133133009
5.3652300835,-0.0049354266,0.0050447602,-0.0034008038,-0.0285633579,0.0184758455,0.0143721737
5.3754711151,-0.0081148576,0.0186739583,0.0041673174,-0.0083611486,0.0261221807,0.0207409896
5.3862447739,-0.0083554517,0.0138199348,0.0069261775,-0.0253872685,0.020598786,0.0101245651
5.3955812454,-0.0085398089,0.0010961312,0.0075777755,-0.0275863223,0.026932247,0.0080047548
5.4065070152,-0.0076993238,-0.0155616384,-0.0024675142,-0.0372922122,0.0363212228,-0.0036678803
5.4156169891,-0.0086934399,-0.0196528416,0.0038734067,-0.0553154238,0.0233275257,-0.0195974447
5.4257941246,0.0021636353,-0.0169767719,0.0024982679,-0.028573826,0.0171876084,-0.0206691008
5.4356441498,0.0082027186,-0.0093733054,-0.0171545167,-0.0114118,0.0088619683,-0.018553419
5.4455828667,0.0064086188,-0.0017084462,-0.0066198721,-0.0283606909,-0.0040538311,-0.0238645617
5.4557080269,0.0096040238,-0.0038737042,-0.0019955051,-0.0230454747,-0.0019211052,-0.0291725732
5.4656891823,0.0137700308,-0.0040279012,-0.0147361169,0.005687105,0.0068878327,-0.0185574796
5.476211071,0.0050577987,0.0115327854,-0.0146967182,0.0269787852,0.0124424547,-0.0090047875
5.4861860275,0.0011004375,0.0233653802,-0.0076085343,0.0514423177,0.0212071836,0.0005495684
5.4959750175,-0.0048992168,0.0148736257,-0.0033008468,0.061006207,0.025555592,0.0037349754
5.5059919357,-0.0070585143,0.0113166589,0.0079327812,0.0685655922,0.0171882082,0.0122232679
5.5160899162,-0.00532238,0.0048844237,0.0124548068,0.0729007348,0.0108798444,0.0154048139
5.5261230469,-0.0035493209,-0.0044899564,0.0062627182,0.0718256161,0.0119661484,0.0207146257
5.5361452103,-0.0047318768,-0.0100321751,-0.0020006907,0.0526122153,0.011764613,0.0154095413
5.5462760925,-0.0029529466,-0.0146396141,0.0051943646,0.0335865915,-0.00641945,0.0185906868
5.5564870834,0.0057368744,-0.0115399342,0.0055100909,0.0262015685,-0.0149797145,0.0175265558
5.5665450096,0.0037666427,-0.0153414588,-0.00109923,0.0133257173,-0.0088086389,0.004791318
5.5766878128,-0.0030717386,-0.0133858901,-0.0010819447,0.0024760244,0.0080130175,-0.0047548488
5.5866622925,-0.0020388498,-0.0017469508,0.0008138407,-0.0006641084,0.0015844136,-0.0100662578
5.5968227386,-1.00268e-05,0.0040527601,0.008542954,-0.0039417669,0.0089413971,-0.0164320115
5.6068439484,-0.0038162305,0.004944386,0.0094174137,0.0001946548,0.0216553286,-0.0249211043
5.6168761253,-0.0066183936,0.0009982603,0.0113567105,0.0120641775,0.009045992,-0.0217444189
5.6270241737,-0.000623597,0.0039464254,0.0134583702,0.0259373821,0.0091740899,-0.0206860788
5.6370162964,0.0004508363,0.0079036374,0.0030386436,0.0515223965,0.0126498481,-0.0100726495
5.6471319199,0.0014204846,-0.000659166,-0.0043144831,0.0558159463,0.0106135951,-0.0026421635
5.6571359634,-0.0005232824,0.001492204,0.0038743604,0.037821684,-0.0044052349,-0.0037074946
5.6672639847,-0.0034191145,0.0054898281,0.0099360337,0.0164476857,-0.001401722,-0.0026387679
5.6772918701,-0.0063320529,-0.0003626329,-0.0026808989,0.0003654966,0.0058715041,-0.0047545163
5.6874079704,-0.0102389585,-0.0091707688,9.1492e-05,-0.0230996162,0.0046192855,-0.0026255855
5.6974077225,-0.0083002578,-0.0083217602,0.013411521,-0.050728742,-0.0072866427,-0.0015632503
5.7075200081,-0.0072874855,-0.0105154496,0.0245628934,-0.0762780383,-0.0139040658,-0.0058072642
5.7175741196,-0.0091433357,-0.0186583977,0.0190085154,-0.0859464854,-0.0076218015,-0.0058018044
5.7276148796,-0.011959983,-0.0219858866,0.0133748045,-0.1019885689,-0.0046201525,-0.0121670254
5.7376561165,-0.0128066372,-0.011791585,0.0124118915,-0.1137500778,-0.0026213834,-0.0153485043
5.7477450371,-0.0008552207,-0.0035575016,-0.0059533729,-0.0817788243,0.0019022619,-0.0153543642
5.757876873,0.0031903849,-0.00097668,-0.0220729727,-0.0455650054,0.0096796248,-0.01004948
5.7678842545,0.0012935863,0.0143852849,-0.0205200929,-0.0359171703,0.0055333488,-0.0079304026
5.7780070305,0.0023093687,0.0240145344,-0.0119925151,-0.0049944893,0.0079124179,-0.010061264
5.7880158424,0.001373993,0.0162361879,-0.0168032665,0.0343390703,0.0230974946,-0.0121872658
5.79809618,0.0004120635,0.0164315123,-0.0163875837,0.0814112723,0.0118716713,-0.0068962965
5.8082079887,0.0052831341,0.0226890463,-0.0057818899,0.1125444248,-0.005825832,0.0037049484
5.818089962,0.0072218943,0.0153920669,-0.0008570564,0.1115250662,-0.0100667831,0.0058281533
5.8283157349,-0.0005943311,-0.0016432983,0.0069285021,0.1008713543,-0.0123304697,-0.0016028648
5.8383541107,-0.0044680368,-0.0099674445,0.0098097315,0.0998679847,-0.0186630674,0.0047638211
5.8484501839,0.0024299489,-0.0046501737,0.0088934293,0.1149500012,-0.0322771482,0.012185785
5.8584737778,0.0043573249,-0.0012301785,-0.0007325422,0.1169831902,-0.021565048,0.0249318723
5.8685951233,-0.0006199015,-0.0036731346,-0.0027294171,0.0839011371,-0.0218678489,0.0228165239
5.8785982132,-0.0007321073,-0.013048647,0.0008288014,0.0411327407,-0.0137818251,0.018585695
5.8887453079,-0.0067122709,-0.0187358242,0.0078422418,0.0005248599,-0.008879479,0.011165861
5.8987441063,-0.0116901826,-0.0148811322,0.0134842386,-0.0400333777,-0.0081596263,0.0133009162
5.9088859558,-0.0117695462,-0.0072950702,0.0188190322,-0.0773850158,-0.0085135605,0.0090630287
5.9188737869,-0.0117830765,-0.0096082073,0.0161136966,-0.1020367444,0.0007684212,0.0005767993
5.929019928,-0.0078759324,-0.0061562043,-0.0012865078,-0.0871901512,0.0104825674,0.0058868765
5.9390668869,-0.0020964278,-0.0006218535,-0.0136331925,-0.0551969148,0.0128981881,0.008003423
5.9491147995,0.0056207944,0.0109048504,-0.0062541976,-0.0411415473,-0.0049969233,0.0111763133
5.9591240883,0.0113890041,0.0254900474,-0.0005357277,0.0069378591,-0.0098701753,0.0132868029
5.9692811966,0.0054718126,0.0236411709,-0.0071655521,0.0325580016,-0.0107282456,0.0100944713
5.9792747498,-0.000448717,0.0258083362,-0.0028739583,0.0602950081,-0.0093972636,0.0143353548
5.9895539284,-0.0005138649,0.0193033237,-0.0110312114,0.0709977224,-0.0124939876,0.0132692913
5.9994192123,-0.0025188162,0.0020798461,0.0002434242,0.0391491912,-0.0297763031,0.0090204841
6.0095038414,-0.0034523739,-0.0054675322,0.0094615808,0.0412408374,-0.025513649,0.0090220822
6.019534111,-0.0053663682,-0.0169955473,-0.0027679217,0.0358068421,-0.0160459131,0.0037192628
6.0296740532,-0.0092532467,-0.0207539182,0.0013972509,0.0166107789,-0.0172539223,0.0069089308
6.0396819115,-0.0073005091,-0.0197061878,0.0044437638,-0.0036303913,-0.0205864031,0.0111596687
6.0497131348,-0.0063518416,-0.0197672825,0.0072228299,-0.0441589095,-0.0230487622,0.0132923275
6.0598020554,-0.0093553793,-0.0199698787,0.0067354427,-0.0741955787,-0.0073743267,0.0164935812
6.0699367523,-0.0084827673,-0.0134479981,0.001192509,-0.0784518421,-0.0084518418,0.0196795221
6.0799460411,-0.0056716334,0.0008895415,-0.0091521153,-0.0614606664,0.0002058286,0.0228651948
6.0900392532,-0.006842358,0.0094593186,-0.0155295739,-0.0519656986,0.0108651305,0.017559113
6.1000599861,-0.0079979431,0.0093113203,-0.0111392746,-0.0530470461,0.0118754013,0.0111889634
6.1101722717,-0.0032253398,0.0081673879,-0.0164147038,-0.0296810046,0.022635106,0.0026940121
6.1202087402,-0.0013628735,0.0071374793,-0.0253196377,0.0139719862,0.0325319432,-0.0026213909
6.1303348541,0.0004929172,0.0121656675,-0.0173132438,0.048302263,0.0148070091,-0.000515363
6.1402978897,0.0092214812,0.0182947535,-0.0060524358,0.0794228166,-0.0018572556,0.0058392719
6.1504650116,0.0121250916,0.0070135016,-0.0023505699,0.0848106593,-0.007129516,0.0037116727
6.160533905,0.0042753685,0.0006006378,0.0130018583,0.080627501,-0.0156406462,0.0058317492
6.1705451012,0.000339614,0.0078068394,0.0176931601,0.0945699513,-0.0218093265,0.0175049156
6.180680275,-0.003643377,0.0033400075,0.0116707673,0.0700556561,-0.0240917876,0.0260058604
6.1907219887,-0.0086805355,-0.0079997759,0.018063901,0.0295511037,-0.0286415312,0.0334464647
6.2008090019,-0.005917592,-0.0127063971,0.0104917279,-0.0014497414,-0.0235780645,0.0377029963
6.2108311653,-0.007126404,-0.0204557162,-0.0041428814,-0.032411918,-0.0216502007,0.0493916087
6.2208800316,-0.0045311581,-0.01372963,-0.0123354206,-0.0645429045,-0.010273044,0.0472822525
6.230931282,-0.0078715812,-0.0099830013,-0.0139755616,-0.0817122981,-0.0008662269,0.0483531095
6.2410078049,-0.0044026207,-0.0033201559,-0.0049163713,-0.0772921443,-0.0156554263,0.0525919311
6.2510809898,0.0049694348,0.0131346602,-0.0015365493,-0.0473337136,-0.0227660667,0.0610751659
6.2611427307,0.0006155836,0.0209459085,-0.0047637834,-0.0261077881,-0.0109016839,0.0621374995
6.2712159157,-0.0038154258,0.023998322,-0.0039420733,0.0025427639,0.0052373391,0.0578910895
6.2812862396,-0.0032926931,0.0115811247,-0.0057783737,0.0175547618,-0.0021223738,0.0483282767
6.2913651466,-0.0007330907,0.0040890593,0.0081297746,0.0356996767,-0.0031149336,0.0345197842
6.3014297485,0.0010012852,0.0092691798,-0.0001273763,0.0782795995,0.0067177899,0.020709632
6.3116211891,0.0047811735,0.0067434926,-0.0090970406,0.0964602008,0.0025906893,0.0143321594
6.321586132,0.0095751453,0.0101251621,0.0005440104,0.0892417282,-0.0229513571,0.0121965045
6.3316521645,0.0144834686,0.0026894824,0.0110007515,0.0530525707,-0.0328519233,0.0068917535
6.3416938782,0.003797339,-0.0078191739,0.0143445721,0.0241792426,-0.0267600082,0.0037183973
6.3517408371,-0.0058580469,-0.0117277484,0.0066331611,-0.0069006449,-0.0143675208,-0.0068855113
6.3618249893,-0.0126193892,-0.013769744,0.000649451,-0.0230352469,-0.0017682398,-0.0058134557
6.3718919754,-0.0125692617,-0.0168920737,-0.0065120473,-0.0551215485,0.0054068491,-0.0015545285
6.3819618225,-0.0136184227,-0.0122992974,-0.0022636068,-0.076536499,0.0127107017,0.0080098147
6.3920230865,-0.012783302,-0.0106381755,-0.0068748603,-0.0766424909,0.0233276598,0.0090769436
6.4021000862,-0.0149340462,-0.0079660993,-0.0056369319,-0.0638144687,0.0213526599,0.014381161
6.4120621681,-0.0102437269,-0.0013645274,-0.0023146879,-0.0562289916,0.0097260959,0.0111880312
6.4222450256,-0.0005867017,-0.0073345285,-0.0055960426,-0.0252840482,0.0099757016,0.0079948343
6.4322900772,0.0013006197,-0.0073657613,-0.0105636129,0.004657872,0.003849898,0.0047987755
6.4423499107,0.0012765394,0.0033861415,-0.0056145801,0.0164169539,0.0018021939,0.0005481038
6.4524240494,0.0022895501,0.0112667102,-0.0044165864,0.0313737988,-0.0002447115,-0.0079511078
6.4624500275,0.0043724347,-0.0002921803,-0.010841907,0.0484026633,0.0040924456,-0.0164470579
6.4725351334,0.0055056084,-0.0049884301,-0.0045474186,0.0495635346,-0.0054749604,-0.0206993259
6.4825930595,0.0056915451,-0.0008931143,0.0076490631,0.0603087246,-0.0127800778,-0.0164595097
6.4926719666,-0.0010073318,0.0022451894,0.0130580654,0.0634382069,-0.0052904701,-0.0111475671
6.50274086,-0.0057727229,-0.0034020527,0.015482544,0.0431652106,-0.0054755597,-0.0122032445
6.5128240585,-0.0037310256,-0.0139831882,0.0138749471,0.020772554,-0.0066492143,0.0005434432
6.5228948593,0.0060247052,-0.022668777,-0.0034219634,0.0238503702,0.0062159835,0.0164747387
6.5329208374,0.0019219981,-0.0254957061,-0.0091796527,-0.0038172118,-0.0014118422,0.0228487477
6.5430030823,-0.0061610769,-0.0196149927,0.0081178537,-0.0422417521,-0.0006731476,0.0249830727
6.5530900955,-0.0043864083,-0.0188093763,-0.0011027467,-0.0625832379,0.0054880753,0.0207441188
6.5631270409,-0.007552309,-0.0209801774,-0.0105035314,-0.068011485,0.0150106736,0.0239362512
6.5732579231,-0.0058372747,0.0001853126,-0.0102223763,-0.0679475665,0.0086446535,0.0239330549
6.5832462311,0.0037660466,0.0058347601,-0.0097830305,-0.0529519171,0.002326637,0.0111839036
6.5933270454,0.0066030789,0.0017988103,-0.0120977173,-0.0316524878,0.0067501473,0.0101189055
6.6034259796,0.0005863475,0.0105177183,-0.0084244618,-0.0050516399,0.0143613946,0.0026836926
6.6132731438,0.00054978,0.0144838709,-0.0034764421,0.0248854868,0.0081732739,-0.010068588
6.6233620644,0.0025714801,0.0145970006,0.0065281973,0.0377932973,-0.0023803003,-0.0185715277
6.6336307526,0.0027502941,0.0137519855,0.0127748838,0.0485482067,-0.0107958894,-0.0217638593
6.6437430382,-0.0019084944,0.0041978378,0.0133324852,0.0624532104,-0.0138578601,-0.0217687879
6.6537227631,-0.005553497,-0.0014654977,0.0148524037,0.0507238507,-0.0150421672,-0.024951797
6.6638469696,-0.0082290899,-0.0071726423,0.014364182,0.0506607033,-0.0086835371,-0.0260099359
6.6738581657,-0.0079993736,-0.0139040332,-0.0007841003,0.0388546474,-0.0012690299,-0.0121998489
6.6839532852,-0.0098914634,-0.00796449,0.0033519852,0.0164884068,-0.0056379461,-0.0015799617
6.6939711571,-0.0099020731,-0.0098698717,0.0034263122,-0.0101956679,-0.0047476511,0.0079834498
6.704117775,-0.0119083356,-0.0206736308,-0.0065242066,-0.0347682536,-0.0017730999,0.0090539744
6.7140932083,-0.0149674546,-0.0120542031,-0.0078940401,-0.044365488,-0.0017669746,0.0228598006
6.7241172791,-0.0132109653,-0.0063358527,-0.0063628564,-0.0560299493,-0.0092820823,0.0249820072
6.734251976,-0.0074903797,-0.0152816754,-0.0078251371,-0.0635238141,-0.007259944,0.0196759254
6.7443122864,-0.005686922,-0.0135106426,-0.0063745389,-0.0528472289,-0.0071401685,0.0239216033
6.7544279099,-0.00197248,0.0078234691,-0.0105563411,-0.0165627263,-0.0067955549,0.0281597581
6.7644472122,-0.0001779927,0.0146933813,-0.0047541871,-0.0026094941,-0.0152105456,0.0207190849
6.7745089531,0.001694815,0.0147745628,0.00213462,0.0027442584,-0.0173274912,0.014345875
6.7845878601,0.0036465095,0.0080478806,0.0023132551,0.0144807305,-0.0172527228,0.0100958031
6.794626236,0.0046376754,0.0081443805,-0.0032976877,0.0229618326,-0.0119077601,0.0047873235
6.8047671318,0.0047136415,0.0072488803,0.0027738798,0.0165739749,-0.0141687822,-0.0079537714
6.8147540092,0.0028591023,0.0044297595,0.0117731681,0.0197977312,-0.0162489768,-0.0058320314
6.8248910904,0.0039806534,0.0054276008,0.0100173345,0.0048693549,-0.0174478665,-0.0068901717
6.8349070549,0.0011302398,0.0063973088,0.0042402139,0.011093162,0.0006728137,-0.0026355055
6.8450479507,-0.0007774068,0.0005432385,-0.016127767,0.0141243991,0.01769807,0.0005571584
6.8550548553,-0.0038067831,-0.001397906,-0.0171481986,-0.0061830021,0.0207039807,0.0005638163
6.8651161194,-0.000969751,-0.0023799522,-0.0075677051,-0.0158001035,0.0216463394,-0.0047421325
6.8751869202,0.0009264218,-0.005390225,-0.0058458461,-0.026416529,0.0162688848,-0.0015567257
6.8853139877,-0.0010907783,0.000339927,-0.0002950442,-0.0231978856,0.0141620571,-0.0036832599
6.8953070641,-0.0021004213,-0.0007519108,-0.0083408961,-0.0189378932,0.0152880419,0.0005634169
6.9054470062,-0.0002216829,-0.0027917011,-0.015368999,-0.0188830085,0.009996674,0.002684558
6.9154219627,0.0036598311,-0.0077190977,-0.0097191939,-0.0240604579,-0.0059857545,-0.0005075067
6.9255561829,0.0036483274,-0.0057975035,-9.83488e-05,-0.0122346906,-0.0143435523,0.003732512
6.9355530739,-0.0022413565,0.0010102409,-0.0059290542,0.0121430857,0.0029022794,0.0122293271
6.9456882477,-0.0052878391,0.004029097,-0.0106695304,0.0195487514,0.0093194321,0.0101073207
6.9556870461,-0.0093417,-0.0026322587,0.0108249774,-0.0016894257,-0.0015047197,0.0058601112
6.965816021,-0.009454621,0.0003429668,0.0244427901,-0.0049081482,0.0006234788,0.0111714536
6.9758501053,-0.0085575115,-0.0074812751,0.0117106428,-0.0072160438,0.0175393447,0.0048096939
6.9859237671,-0.0135264527,-0.0133619886,0.0028091061,-0.0115213897,0.0206441246,-0.0015590559
6.9961242676,-0.0047427844,-0.0124301892,0.006587862,-0.0166786015,0.0025258414,-0.0068757907
7.0060448647,0.0031612979,-0.011585949,0.0035213816,-0.0294342358,-0.0029396308,-0.0143077411
7.0161809921,0.0023649798,-0.0079317074,-0.0094366083,-0.0327240378,0.0054788878,-0.0206734948
7.0261778831,0.0005994307,-0.0022819026,-0.0193849225,0.0013148328,0.0163668226,-0.0238624979
7.0363550186,-0.000274135,0.008417489,-0.0212625284,0.0365343392,0.0167298112,-0.0153768677
7.0463142395,0.0007533895,0.0192917604,-0.0072757616,0.0675803795,0.0074783224,-0.0111417081
7.0563941002,0.0007725524,0.0176602621,-0.0066181435,0.0920870528,0.0120059624,-0.0005276802
7.0664420128,-0.0060951244,0.0053526182,-0.003018738,0.0717998147,0.0128475875,-0.0068921689
7.0765867233,-0.0080246162,-0.0109280925,0.0140196672,0.041009143,-0.0033862432,-0.0143250516
7.086575985,-0.0059282314,-0.0234594923,0.0173110943,0.0326103047,-0.0172252916,-0.0100835012
7.0966210365,-0.0038502945,-0.0204549413,0.0049746023,0.0282267407,-0.0055638435,-0.0058293683
7.1068129539,-0.0115733873,-0.0223746877,0.0079966178,-0.0132956943,-0.0154976333,-0.0090087168
7.1167778969,-0.0075207483,-0.0254280549,0.0185298901,-0.0485460907,-0.0126637639,-0.0153691433
7.1269378662,-0.0063115489,-0.0209342819,0.0062944279,-0.0742757469,-0.001244396,-0.0196038373
7.1369071007,-0.0081207883,-0.0106376391,-0.0060712113,-0.0701654181,0.0147287119,-0.0164115056
7.1470451355,-0.0080452692,-0.0002907497,-0.0106305489,-0.0649072751,0.0221891571,-0.0185333788
7.1570429802,-0.0070148837,0.0101166982,0.0023626077,-0.0669137016,0.0094384756,-0.0185392369
7.1671772003,0.0009472238,0.0127306599,0.0066921101,-0.0498304293,0.0085128937,-0.020667769
7.1771802902,0.0020310746,0.0105950851,-0.0033041846,-0.0071953516,0.0142322984,-0.0143049452
7.1873092651,0.0020708607,0.0115471501,-0.00330639,0.0183977075,0.0165981837,-0.0111242644
7.1973109245,0.0070003737,0.0194354672,-0.0001595032,0.0462298729,0.0083732773,-0.0079500433
7.2074341774,0.0148536433,0.0128201861,-0.0074388995,0.0612679981,-0.0010034463,-0.0015880178
7.2174367905,0.0128950942,0.0140679497,-0.0078506479,0.0686995462,0.0033612084,0.0069066668
7.2274909019,0.0079669524,0.0104264636,-0.0092890868,0.0485325195,-0.0074337153,0.0058454638
7.237593174,0.0040268172,-0.0039533954,0.0017890919,0.0261664949,-0.0118596228,0.007972531
7.2476758957,-0.0038382544,-0.0086981636,0.0019684422,0.0186100677,-0.0034363773,0.0079781897
7.2577047348,-0.0107449722,-0.0174036603,0.0020186889,-0.0069679972,-0.0068292446,0.0101065887
7.2678380013,-0.0078829955,-0.0232804995,0.0077184429,-0.0410617068,-0.0124400584,0.0090512438
7.2778458595,-0.0020119681,-0.0293285828,0.0063109985,-0.0720217526,-0.0116839875,0.0037504884
7.2879753113,-0.0069107544,-0.0228531938,0.0055883517,-0.0903067738,0.0019382811,0.0016368038
7.2979707718,-0.0088951718,-0.0076820236,0.0028061259,-0.0892604142,0.004076533,0.0026994052
7.3080282211,-0.0001087619,0.0055889506,0.0049583302,-0.0912670642,-0.0086669587,0.0037550824
7.3181400299,0.0028108226,0.0188792367,0.0013641107,-0.0647054911,0.0032440289,0.004816086
7.3281650543,-0.0001745952,0.0274267811,-0.0146482,-0.014739926,0.0227722563,0.0037523524
7.3382658958,-0.0051906239,0.0401334763,-0.0136739621,0.0365259238,0.0189895034,0.0058610435
7.3483047485,0.0025051699,0.035559833,-0.003452183,0.0665805265,0.0023012701,0.0100931386
7.3584337234,0.0053133238,0.0194028635,-0.000808419,0.0783652738,-0.0017917422,0.0175206959
7.3684520721,-0.0026385321,0.012942316,-0.0098982463,0.0751397908,0.0003033003,0.0175215621
7.3785729408,-0.0125615727,0.0006094592,-0.0083606848,0.0527700372,-0.0041710767,0.0122160111
7.3885698318,-0.0135918092,-0.019585846,0.0037217725,0.0219345428,-0.0161672197,0.0037228581
7.3987169266,-0.0106580686,-0.0301772337,0.0165697318,0.0101748239,-0.0141477445,0.0037268528
7.4086999893,-0.0077072512,-0.0204220992,0.004996418,0.0090921959,-0.0119944457,0.0100999307
7.4188370705,-0.0086690914,-0.0136293154,-0.0008577716,-0.015453361,-0.0122296028,0.0069206487
7.4288349152,-0.0057218801,-0.0156959277,0.0086178174,-0.0517667048,-0.010477975,-0.0015655806
7.4389710426,-0.0037439896,-0.0169348698,0.0090474477,-0.0763948262,-0.0021904837,0.0005684103
7.44896698,-0.0056883823,-0.0055887084,0.0054272995,-0.0722149089,0.0073932339,0.0005747353
7.4590821266,-0.0057339799,0.0077558775,-0.0009934318,-0.0530465469,0.0118396487,0.0058810837
7.4691181183,-0.0048787128,0.0124594588,0.0034092057,-0.0456002355,0.0140419491,0.008002691
7.4792351723,-0.0001289977,0.0123397727,0.0030495513,-0.0306806769,0.0163082983,0.0101236328
7.4892430305,0.0036732124,0.001534881,0.0037415612,-0.0422704332,0.0013305481,0.0069340975
7.4993247986,0.0074934531,-0.0034477694,-0.0004609239,-0.0211531632,0.0237772688,0.0037545497
7.509373188,0.0044964422,-0.0113151651,-0.0133074531,-0.0062627122,0.0280616935,-0.0100504123
7.5195102692,0.0064496566,-0.0103677493,0.0050808182,-0.0112809055,-0.0038427091,-0.0143122682
7.5295090675,0.0144262481,0.0032015459,0.0138376942,0.0058036717,-0.0047687567,-0.0164403338
7.53956604,0.0087328423,0.0070229787,-0.0046079769,0.013211254,0.0016832837,-0.0132535957
7.5495758057,-0.0009249283,0.0108988304,-0.002646507,0.0004892265,-0.0069088726,-0.0121936565
7.5597028732,0.0011627839,0.000134589,-0.0007152569,-0.0186541062,-0.013428824,-0.0100684548
7.5697641373,0.0022484527,-0.0145838838,-0.0086473236,-0.0272604339,-0.0060426793,-0.0047526523
7.5798988342,-0.0016481115,-0.0195802432,-0.0108529935,-0.0326583944,0.0002975077,-0.0015627178
7.589869976,-0.005617274,-0.0128918272,-0.0072801122,-0.0358697399,0.0013943304,0.0079933703
7.5999979973,-0.0028341843,-0.0002727491,-0.0065171728,-0.0081606144,0.0059637823,0.020730203
7.610024929,-0.0021228327,0.0036718266,-0.0105088959,-0.0049378686,0.0050051776,0.0324104279
7.6201601028,-0.0034760369,0.0115954895,-0.0027449143,0.0046801371,0.0040696091,0.0387783125
7.6301870346,-0.0067933332,0.0156614203,0.0002170193,0.0153282005,0.0062997406,0.0408992544
7.640267849,-0.0090943407,0.0168550629,0.0032713402,0.0196238793,0.0030916966,0.0313403718
7.6502962112,-0.0054220092,0.0131564755,0.0073869214,0.0282754507,-0.0085465172,0.0249617677
7.6604290009,0.0012896226,0.006559195,-0.0048500909,0.0474816374,-0.0084064351,0.0207097642
7.6704597473,0.0022210048,0.000925185,-0.0064102421,0.0198657475,-0.0225168616,0.0090288073
7.6805529594,0.0032148228,-0.000951646,-0.0004100215,0.0026920866,-0.0131654367,0.0016052455
7.6905431747,0.0003477203,-0.0078012329,-0.01111132,-0.0112107843,-0.0101255719,-0.001573903
7.7006921768,-0.0093532037,-0.0020435436,0.0023282159,-0.0283231921,-0.0071747894,-0.0143096717
7.7107081413,-0.015127195,0.0055997986,0.0098500242,-0.0241809115,0.0056153079,-0.0111189382
7.7207632065,-0.0081906151,-0.0003985149,-9.07194e-05,-0.0231020637,0.0045774742,-0.0089961328
7.7309069633,-0.0051965844,-0.0005127174,-0.0022299897,-0.0124207931,0.0036383765,-0.0047531184
7.7410769463,-0.0081693362,0.006261589,-0.005244256,0.0055861711,0.0176452715,0.0037436972
7.750992775,-0.007326616,0.0102205891,-0.0110356221,0.0120948572,0.0082552992,0.0196650736
7.7610969543,-0.007585926,0.0084099192,-0.0138590345,0.0258876346,0.0169337429,0.0302838944
7.7711219788,-0.0128551256,0.0047459621,-0.0088706026,0.0141062355,0.0210753568,0.0302888211
7.7811727524,-0.0132160317,-0.0028540476,0.0135343662,-0.0102252029,-0.0003660186,0.0292224921
7.7912950516,-0.0065716039,-0.0125499349,0.024131177,-0.0261388682,-0.0101037342,0.0217894763
7.801325798,-0.0066665541,-0.0174744111,0.0190511923,-0.0272406191,-0.0069646663,0.016482329
7.8113708496,-0.0067307781,-0.003937481,0.0033227194,-0.0038424572,0.0006190846,0.0090474496
7.8214378357,-0.000874473,-0.0039252024,-0.003452183,0.0016300716,-0.0131481271,0.0058537861
7.8315582275,0.0060002077,-0.0058510881,0.0024478424,-0.0058763409,-0.010057196,0.0016091737
7.8415660858,0.0041065682,-0.0039651971,-0.0063345446,0.0003187051,0.0100885527,-0.0090003274
7.8516578674,-0.0017384423,-0.003979085,-0.0053930292,0.009860198,0.0165522434,-0.0068758568
7.8630900383,0.002174245,0.0077380557,-0.0004588377,0.0248218365,0.0145676564,-0.0058188485
7.8720312119,0.0041058529,0.0097917933,0.0026662338,0.034407489,0.0167725533,-0.0058191814
7.8818039894,0.0040427912,0.0070334096,0.0039336076,0.0568209179,0.0170167666,0.001607842
7.8920812607,0.0068594087,0.0053913612,-0.0081253657,0.0920960829,0.0121307978,0.0185845625
7.9020242691,0.0095493961,0.0048770327,-0.0073337564,0.0837763697,-0.0091084437,0.027070459
7.9120702744,0.0093386043,0.0023911612,0.0156989079,0.047773011,-0.0370121785,0.0270663965
7.922150135,0.0092624892,-0.0139092188,0.0122675886,0.0253547896,-0.0361192226,0.0313197337
7.9322228432,-0.0006729795,-0.017658649,-0.0099185118,0.013427183,-0.017060576,0.0408876687
7.9422607422,-0.0077911746,-0.0165904742,-0.0099309692,-0.0249702726,-0.0195458382,0.0366489813
7.9523258209,-0.007106496,-0.0185298901,0.0063239923,-0.0580053516,-0.0240159538,0.0462107956
7.9624090195,-0.0093806516,-0.0118072014,0.0077864514,-0.0634613633,-0.0124330679,0.0398471728
7.9724888802,-0.0155421626,-0.0041615944,0.0111210933,-0.0678034127,-0.0050721569,0.0356058888
7.9825201035,-0.0109487902,-0.0014119131,0.0056839576,-0.0646552891,0.0002608229,0.0356077552
7.9925260544,-0.0004473461,-0.0006156546,-0.0055661811,-0.0604171604,0.0034592126,0.0324240103
8.0027132034,0.0002488958,0.0060626287,-0.0089675793,-0.0412988588,0.0120526999,0.0228672586
8.0126914978,-0.0068668555,0.0176984686,-0.0044467463,-0.0168561283,0.0218037982,0.0207407903
8.0227880478,-0.0032090677,0.0216375012,-0.0035775912,0.0034826994,0.015607954,0.0196707323
8.0328187943,0.0005039143,0.0169029254,-0.0034735214,0.0226891264,0.0157337226,0.0132955909
8.0428647995,-0.0045589041,0.0063856859,0.0035358656,0.0333577469,0.0157923121,0.0079839155
8.0529613495,-0.0007110072,0.0016623157,0.0028459418,0.0366487503,0.0062023355,-0.0026400331
8.0630340576,0.0022860633,-0.0127933603,0.0070855604,0.0357174426,-0.0076346509,-0.007955703
8.0731086731,0.0033304559,-0.0126168709,0.0094490638,0.048619099,-0.0170363411,-0.0026555459
8.0831518173,-0.0014278425,-0.0095363241,0.0098733893,0.0422669277,-0.0224319063,-0.0079656225
8.0932121277,-0.0032208993,-0.0103434306,0.0132747283,0.0466118455,-0.0298151858,-0.0069081481
8.1033000946,-0.0059510898,-0.0131667834,0.0058875075,0.0273614526,-0.0257320292,-0.0058394219
8.1133451462,-0.0077516865,-0.0141003709,0.0031756747,0.0080677839,-0.0174259618,-0.0079536382
8.1234664917,-0.0076093208,-0.0180526953,-0.0074751987,-0.0016413024,-0.0068790452,-0.0047605084
8.1334590912,-0.0085580479,-0.0112745147,-0.0046420703,-0.0145214675,0.0004503729,-0.0026303791
8.1435050964,-0.0066394042,0.0042058844,-0.0038687002,-0.0209396854,0.0025926197,0.0090521099
8.1536331177,-0.0018119051,0.0002224463,-0.0108929882,-0.0294975676,0.0046185534,0.005870631
8.1636734009,-0.002870722,-0.0096007567,-0.0063002123,-0.030642461,0.0119947102,-0.0004961884
8.1738061905,-0.0048560631,-0.014568923,0.0021487463,-0.0326886475,0.0023729091,-0.0089961328
8.1837844849,-0.0008669628,-0.0127580743,0.0116621843,-0.0219241492,-0.0071175313,-0.0143126007
8.193936348,0.0022478567,-0.0060630422,0.0067238202,0.0025557596,-0.0005513085,-0.0164388027
8.2039203644,0.0033763514,0.0065606255,-0.0028982174,0.0239553247,-0.0056214347,-0.0090141762
8.2140474319,0.0054457653,0.0134472866,-0.0026449573,0.0303880833,-0.0087691583,-0.012202912
8.2240686417,0.0075349677,0.0116040725,-0.0052116527,0.0410726853,-0.0097023286,-0.0068970956
8.234208107,0.0046625007,0.0107888002,-0.0077540288,0.0431240387,-0.0011680298,-0.0026460916
8.2442159653,-0.0002259745,0.0080583114,-0.0102853188,0.0527431108,-0.00208975,0.0058453977
8.2543544769,0.0006804632,-0.0043800455,-0.0166712422,0.0378106348,-0.0021872879,0.0111598019
8.2643470764,-0.0033482446,-0.0188139658,-0.0057672872,0.0026369328,-0.0067527452,0.0090428554
8.2744112015,-0.0093176793,-0.016800819,0.0030035365,0.0047159288,-0.0013928008,0.0143523328
8.2844486237,-0.0123698842,-0.0157654267,-0.0037601006,0.0090195974,-0.0044969814,0.0207204837
8.2946157455,-0.0095890295,-0.0078727584,0.0002067077,0.000594262,-0.0151691996,0.0228423569
8.3045740128,-0.0077870321,-0.0039136391,0.0050716982,-0.012212879,-0.0153018255,0.019660145
8.3147315979,-0.0097927582,-0.004934011,0.0020254839,-0.0209197924,0.0004497743,0.0058657038
8.3247413635,-0.0098121297,-0.0050371271,-0.0050081029,-0.0253097489,0.0120281335,-0.0026217902
8.3348789215,-0.0019455089,-0.0022698625,-0.0081834802,-0.0444261543,0.0022273676,-0.0153625524
8.3448677063,0.0041090418,-0.0044620018,0.0040895334,-0.0508475676,0.0031285812,-0.0312874541
8.3549413681,0.0034009682,0.0020945088,-0.001088084,-0.0083363028,0.0204502456,-0.0355372615
8.3650035858,-0.0002735688,0.0097394008,-0.0098886499,0.0141271949,0.0153478971,-0.0344837159
8.3751106262,-0.0019989444,0.0184925217,0.0086783161,0.0142829623,-0.0005870613,-0.0376779772
8.3851423264,0.0002679096,0.0155144352,0.0078766337,0.0270150043,0.0069656633,-0.0355538428
8.395280838,-0.0043217074,0.007689001,-0.0084555754,0.0344119594,0.0144715831,-0.0334281698
8.405295372,-0.0051058959,0.0048105735,-0.0101732621,0.0281119868,0.0049566412,-0.019627938
8.4154205322,-0.0030513539,0.000971319,-0.0070354952,0.01430046,-0.0003869911,-0.0068849786
8.4254055023,-0.0050088596,-0.008744536,-0.0041203508,-0.0187773313,-0.0006343988,-0.0005059088
8.4355430603,-0.0118908416,-0.0204914194,0.0014917839,-0.040115539,-0.0007939222,0.0037474257
8.4455423355,-0.0149018597,-0.0245684367,6.92594e-05,-0.0604623556,0.0064975466,0.0101270285
8.4556808472,-0.0150016677,-0.0160722118,0.0042864075,-0.0870234668,-0.0053851451,0.013312635
8.4656438828,-0.0092484485,-0.0086272936,0.0044659367,-0.0998583063,-0.0022793668,0.0186264403
8.4758071899,-0.0015252365,-0.0031619056,-0.0090007195,-0.0924689919,0.0051794816,0.0133180944
8.4857931137,0.0012802647,0.0052561183,-0.0136806974,-0.0797406882,0.0126837371,0.0080096154
8.4958820343,0.0051121581,0.020566823,-0.0113818655,-0.0540874079,0.0086280089,0.0026928806
8.5059309006,0.0109550823,0.0262534637,-0.0146380672,-0.0220421273,0.0057177069,0.0016214908
8.5160694122,0.0089850593,0.030125441,-0.0146754989,0.0258595906,0.0177661814,-0.0047549824
8.5260820389,0.0059845913,0.0361738205,-0.019166233,0.0844387487,0.0300052688,0.0037306477
8.536154747,0.0068157781,0.0327225327,-0.0202734489,0.1198292077,0.0134062525,0.014331161
8.5462646484,0.0026594864,0.0187442321,-0.0036625874,0.1135132536,0.0048830719,0.0175139047
8.5562667847,-0.0053306948,0.0056488533,0.0166969281,0.0890897214,-0.0081247389,0.0079564853
8.5663452148,-0.0053652059,-0.0133783799,0.0146400323,0.0986954793,-0.0080200769,0.0111394953
8.5764036179,-0.0034103526,-0.0227196198,0.0038489688,0.0976479203,-0.0101863593,0.0058300178
8.5864963531,-0.0034395291,-0.0203707796,0.0027324546,0.0838450268,-0.0165973864,0.0175101105
8.5965261459,-0.0006089641,-0.0180653911,-0.0004856598,0.0592931286,-0.0157303922,0.0207025744
8.606669426,-0.0056079458,-0.0217335802,-0.0001201641,0.0207673088,-0.0054905396,0.0154084759
8.6166744232,-0.0116160046,-0.0197244268,0.0095868697,-0.0188598894,0.0079380497,0.0122386478
8.6268024445,-0.0117750596,-0.0120058637,0.0131794205,-0.0349190161,0.0131170992,0.0143689103
8.636797905,-0.0060616862,-0.0053302627,0.0108556142,-0.0391718447,0.0120170154,0.0143712414
8.646938324,-0.004267199,-0.002551852,0.0113840094,-0.0530466512,0.0118681435,0.0101274941
8.656961441,-0.003418131,0.0011065024,0.0049979077,-0.0574034229,0.0202843975,0.0048236754
8.6669979095,-0.0035373105,0.0018515008,-0.0091577182,-0.0457821824,0.032057967,0.0048266049
8.6770591736,-0.0046655368,0.0046157856,-0.0106042633,-0.0425079353,0.0246666297,0.0058830809
8.6871700287,-0.0008970631,0.0035098211,-0.0022410166,-0.0434621461,0.0129308775,-0.0026169301
8.6972026825,0.0030896829,-0.0083303433,0.0042617307,-0.0316024199,0.0002040977,-0.0174911506
8.7072982788,0.0022458897,-0.0113735776,0.0050913086,0.0004572421,-0.0037187384,-0.0111304568
8.7173109055,0.0013940202,0.007126214,0.0013236988,0.0335473381,-0.0044760089,-0.0090165734
8.7287912369,0.0005248057,0.0014203804,0.0055595627,0.0432260633,-0.0118191428,-0.0090226978
8.7375984192,-0.0013490452,-0.0051925164,0.0118705621,0.0549469553,-0.009560382,-0.0037151512
8.7481813431,-0.0071700942,-0.0020877703,0.0103633991,0.0442208052,-0.0043693492,-0.006895232
8.7582855225,-0.0080791544,-0.0039254408,0.0164546948,0.0111859199,-0.0088893324,-0.0047646365
8.768324852,-0.0020989312,-0.0117084365,0.0126675358,-0.0005743327,-0.006876782,-0.0058224439
8.7780714035,-0.0049674641,-0.0147165637,-0.0020254862,-0.0177138522,-0.0006451183,-0.0036923147
8.7877445221,-0.0059546363,-0.0080102663,-0.001267792,-0.0294171125,-0.0038891146,0.0026798309
8.7977743149,0.0028850303,-0.0130205732,-0.0034579646,-0.0410926528,-0.0103786383,-0.0005056425
8.8077707291,0.0029730664,-0.0112625938,-0.001841129,-0.0421837494,-0.0083005745,-0.005813323
8.8178949356,-0.0018351807,-0.0056315642,-0.0119240889,-0.0241910871,0.0066974834,-0.0079333978
8.8279123306,-0.0047067534,0.0020207779,-0.0208536405,0.0002340954,0.0185621325,-0.0111190714
8.8380260468,-0.0007636679,0.0078853387,-0.0159444232,0.0269549768,0.0145368967,-0.0132510653
8.8480300903,0.0051440764,0.0167706031,-0.0078594694,0.055820182,0.0094766254,-0.0143227214
8.858168602,0.0052128602,0.0228678007,-0.0053004636,0.0921120644,0.0087400619,-0.0132711055
8.8681621552,0.0033210383,0.0183597226,0.0042074905,0.067795001,-0.0137138488,-0.0069053518
8.8782701492,-0.001510693,0.0127918143,0.0241893511,0.0432740301,-0.0160508379,-0.0068996926
8.888297081,-0.0062668156,-0.0055498462,0.0207045656,0.0379170775,-0.0139754377,-0.0068972958
8.8984012604,-0.0139919054,-0.0190690737,0.0190747958,0.0166069176,-0.0173165724,-0.0026469571
8.9084234238,-0.0148497652,-0.017149685,0.0220299941,-0.0249258783,-0.0261681229,-0.0026408317
8.9184894562,-0.0098235738,-0.0221852046,0.0082132211,-0.0399686098,-0.0156542938,0.0026775673
8.9285755157,-0.0058376323,-0.0282909255,-0.0165086407,-0.05189877,0.0033412348,0.0026900843
8.9386262894,-0.006887896,-0.0197400432,-0.0131475935,-0.0678265244,-0.0041632201,0.0122465044
8.9488391876,-0.0030995442,-0.0044029932,0.0018197286,-0.0742388815,-0.003144295,0.0143722398
8.9589195251,-0.0031992032,0.0041078944,0.0041160574,-0.0624800697,-0.0051705614,0.0133063095
8.9689836502,-0.0023464097,0.0097735543,0.008502542,-0.0454358384,-0.0018107169,0.0175508559
8.9790506363,-0.0005008114,0.0203678031,0.0033214081,-0.0198453646,0.0005489769,0.0196690001
8.9891853333,0.0023065673,0.021342041,-0.007458807,0.0046602432,0.0038632809,0.0069228457
8.9991884232,0.0032479332,0.0048747677,-0.0024724018,0.0143134035,-0.0014132401,-0.0015766327
9.0094032288,0.0082057882,9.07796e-05,-0.00513065,0.0303586815,-0.0055728313,-0.0100771766
9.0193052292,0.0063867439,0.0011675375,-0.0125688324,0.0463870764,-0.0075479643,-0.0090205679
9.0294179916,0.0006066429,0.0023165958,-0.0072624697,0.0506550558,-0.0075176051,-0.0100834351
9.0394449234,-0.0031623675,0.00540209,0.0009263146,0.0359252207,-0.0277885217,-0.0069022891
9.0496892929,-0.0050117802,0.0006952899,0.0100845685,0.0337089375,-0.0192775913,-0.0005266815
9.059718132,-0.0107836854,-0.0070263725,0.0063771,0.0027034329,-0.014262259,-0.0037031001
9.0696849823,-0.0126909744,-0.0118959527,0.0141696921,-0.0153264347,-0.0249684341,0.0058523216
9.0797166824,-0.0009089244,-0.0168333631,0.0053570853,-0.0282068662,-0.0176175758,0.0111671928
9.0898599625,-0.0038409366,-0.014040051,-0.0036210429,-0.0346980542,-0.0092270216,0.0048022373
9.099861145,-0.0068146419,-0.0093334895,-0.0001063359,-0.0571145192,-0.0083560348,0.005871363
9.1098995209,0.0010062919,0.0040620584,-0.0044506798,-0.0464421697,-0.0082489755,0.0079923049
9.1199817657,0.0049171317,0.0097601432,-0.0173606891,-0.0155401006,-0.0037339185,0.0079859793
9.1301240921,0.0048249234,0.0195032377,-0.0203142781,0.0206176378,0.0093565835,0.0143541303
9.1400842667,0.0085961688,0.0294200201,-0.0180919785,0.0410339646,-0.004253102,0.0154046146
9.1502408981,0.0094647873,0.0228678007,-0.0118103633,0.0486327596,-0.0169060472,0.0175199639
9.1602506638,0.0045037437,0.0065749902,-0.0026250493,0.0315850154,-0.0203215498,0.0047812648
9.1704082489,-0.0091957282,-0.0019898994,0.0054831496,0.0432392731,-0.0117171435,0.0069062011
9.1804599762,-0.0160580706,-0.0037263616,-0.0037849557,0.0601832904,0.0011577089,0.00584593
9.190284729,-0.0141236614,-0.0121960621,0.0074426518,0.0475226231,-0.013863584,-0.0026527494
9.20038414,-0.0072221886,-0.0148917418,0.0176677685,0.0443414748,-0.0160274021,-0.0047766208
9.2106494904,-0.0041616093,-0.016716538,0.0063958159,0.0378770009,-0.0097109843,-0.0037094252
9.2207374573,-0.0060484838,-0.0107812863,0.0047034016,0.0196794327,-0.0045775417,-0.005826572
9.2306900024,-0.007948054,-0.0069101434,0.0057122097,-0.0112672988,-0.0048478525,-0.005818849
9.2407875061,-0.0049512815,-0.0050803404,0.0074517117,-0.0348414928,0.004496647,-0.0058087287
9.2508583069,-0.0039226543,-0.0033427461,0.0099732867,-0.0529528521,0.0011274817,-0.0100530079
9.2609033585,-0.0048355591,0.00322807,0.0143703809,-0.0487225018,0.0054143057,-0.0089887427
9.2710456848,-0.004758073,0.0078410525,0.0022853005,-0.0381252505,0.0129414639,-0.0079258755
9.281047821,-0.0037756099,0.0057297368,-0.0039097085,-0.0317208543,0.0130608398,0.0016276161
9.2911071777,0.0059587229,0.0017212647,-0.0070461049,-0.0198753793,0.0025602628,0.0026811627
9.301243782,0.0059250463,-0.002228616,-0.0149723897,-0.0103016095,0.0058550583,0.0069273729
9.3112678528,0.0019091831,-0.0051279645,-0.0169403572,0.0153110763,0.006099537,0.0101063885
9.3212795258,0.0047833193,-0.0098501425,-0.0138014564,0.0230258554,-0.0182524733,0.0079690022
9.3313865662,0.0047670472,-0.0106481295,0.0079201451,0.0263769105,-0.0330716372,0.0090225488
9.3414134979,0.0019280182,-0.0036921485,0.003431021,0.0508410782,-0.0254781619,0.0015870029
9.3515558243,-0.005838586,-0.0054188352,-0.0048161163,0.058195401,-0.0137211056,0.0047764042
9.3615913391,-0.0077931415,0.0026071684,0.0111694327,0.0305127185,-0.0203432553,0.0026564617
9.3716211319,-0.0038580729,0.0037075893,0.0143959513,0.0251259431,-0.0150571484,0.0069076661
9.3817195892,-0.0048394036,-0.0020090325,0.0049409857,0.0271853935,-0.007597167,0.0090340003
9.3917541504,-0.0077967178,0.0009949225,0.0070394268,0.0026164008,-0.0057380144,0.0016085745
9.4018468857,-0.0048285555,-0.0039067846,0.005065023,-0.0198351406,-0.0017469344,-0.0068763234
9.4119100571,0.0020961331,-0.0137760025,-0.0048230304,-0.0209587254,0.0035072162,-0.0132442079
9.4219903946,-0.0026850535,-0.00807303,0.0027149904,-0.0357500315,-0.0114557538,-0.0100633278
9.4320392609,0.0013034211,0.0073263068,0.0140598407,-0.0442636237,-0.0136246318,-0.0058150538
9.4421329498,0.0004802512,0.0080153961,-0.0028785479,-0.0528801717,-0.0062917522,-0.0089958003
9.4522075653,-0.0092497002,-0.0029445274,-0.0024120819,-0.0603793673,-0.0031393683,-0.0036833263
9.4622688293,-0.0082399081,-0.0012220127,0.0019694555,-0.0560846217,-0.0051973928,0.0005627511
9.4723291397,-0.0082391631,-0.0072614532,0.0005682695,-0.0519002639,0.003341767,0.0026895516
9.482375145,-0.010231806,-0.0103716832,-0.0008195054,-0.0422300324,-0.0029197903,0.0058695655
9.4924755096,-0.004419608,-0.007582901,-0.0059549226,-0.0283019673,-0.0080759367,0.0101106493
9.5025901794,-0.0034715666,-0.0018049461,-0.0090277204,-0.0186094977,-0.0164598338,0.0132899312
9.5125818253,-0.000569476,0.0020572559,-0.0158931632,0.0026808754,-0.0109545477,0.0154108731
9.522644043,-0.0016109778,0.007020833,-0.0264338274,0.0335622244,-0.0043248078,0.0143442107
9.5327186584,-0.0046920907,0.0091902632,-0.0212286729,0.0473938882,6.11525e-05,0.0175282843
9.5427646637,-0.0009287132,0.0124564189,-0.0090057263,0.0741008371,-0.0029232525,0.012210818
9.5528697968,0.0009395646,0.0060243625,0.0024078477,0.0710613728,-0.0188385695,0.0164508373
9.5629043579,0.0027900205,0.012241723,0.0128171435,0.069955498,-0.0145910271,0.0185778365
9.5730056763,0.0027574764,0.0018454212,0.0124687543,0.0518606454,-0.0201445166,0.0047762715
9.5830774307,-0.0030854477,-0.003752826,0.0275195818,0.0391265266,-0.0276893843,0.0037130045
9.59308815,-0.0020134284,0.0090389866,0.0210959893,0.035774406,-0.012884073,0.0005358532
9.6031951904,-0.0058528017,0.0022717731,0.0076585994,0.0067876568,0.0038203371,-0.0026346401
9.6132392883,-0.0018833412,-0.0055251699,-0.0010572684,0.0003944729,0.002689559,-0.0047571794
9.6233711243,0.0050318111,-0.013387261,-0.0098480592,-0.015578582,-0.0006481805,-0.0068773222
9.6333723068,0.0041005779,-0.006679533,0.0054770699,-0.044263754,-0.013638813,-0.0079383254
9.6435050964,0.009144919,-0.0011083466,0.0070158229,-0.0633763596,-0.0233626813,-0.008999994
9.653506279,0.0092944968,-0.0033836944,-0.0119822631,-0.0571408346,-0.0062891548,-0.0026222565
9.6636400223,0.0034734474,-0.0036808236,-0.0261430163,-0.0635872334,-0.0020793634,0.0005659469
9.6736278534,-0.0004915727,-0.002933441,-0.0111633549,-0.0646729916,6.7943e-05,0.0058762897
9.6836957932,-0.0054790508,0.0075786132,-0.0087385783,-0.038046103,0.00563375,0.0101194382
9.6937999725,-0.0105282795,0.0114082117,-0.0070697078,-0.017799953,0.0090284813,0.0154249873
9.7038345337,-0.0126899313,0.0163275618,-0.004235209,0.0056606862,0.0113821831,0.0196684692
9.7140302658,-0.0099561643,0.0105911512,-0.0099989781,0.0184550434,0.0125481151,0.0186040029
9.7239751816,-0.0082257818,0.0078644175,-0.0078381309,0.0419292636,0.0127541106,0.0185972117
9.7340631485,-0.0045051407,0.0120171923,-0.0084193954,0.0462829992,0.0043033678,0.0185918864
9.7441139221,-0.0017380847,0.0132452864,-0.002189399,0.0304510146,-0.0128212236,0.0175273549
9.7542304993,0.0031400786,-0.0002012832,0.0020540941,0.0177876838,-0.0278771371,0.0037196623
9.7642297745,-0.0036445989,-0.0098718386,0.0070602885,-0.0004324662,-0.0206283461,0.0005415124
9.774353981,-0.0084683429,-0.001143573,0.000258683,0.0068882969,-0.0057090521,0.000547105
9.7843379974,-0.0055292081,-0.0108675938,-0.0103533873,0.0099063236,0.0123638911,0.0016161646
9.794459343,-0.0065707993,-0.0166695695,-0.0035816443,-0.0124937911,0.011093297,-0.0005023801
9.8046855927,-0.0056353342,-0.0157680493,0.0069015012,-0.0327886194,0.0130232908,-0.0026187943
9.8146476746,-0.0066677164,-0.0169031601,0.0104119172,-0.0456804521,0.0213856157,-0.0047349422
9.8246574402,-0.0076315235,-0.0152490716,0.0059430585,-0.0670625418,0.0243137609,-0.0153468391
9.8347616196,-0.0056014191,-0.0097693186,0.0120313158,-0.0808995292,0.0198585596,-0.02914894
9.8447637558,-0.0044202339,-0.0073075872,0.0044389954,-0.0819762722,0.0208814144,-0.0333942138
9.8549060822,-0.0002827777,0.0029581802,-0.0001598012,-0.0638025999,0.017863784,-0.0323385373
9.8648986816,0.0058071781,0.0113908071,-0.0083644399,-0.0306220315,0.0086593013,-0.02385737
9.8750352859,0.0059682894,0.0141599197,-0.0143758664,0.0003183056,0.010046009,-0.0153701417
9.8850250244,0.0011159943,0.0180869121,-0.0133286128,0.0312678069,0.0103722457,-0.0068839802
9.8951864243,-0.0028512313,0.0124417562,-0.0071551809,0.0516332611,0.0021236376,0.0026629199
9.905163765,-0.0019444062,0.0039913077,0.0041060438,0.0656625852,-0.0125265438,0.0153940283
9.9153003693,-0.0020761027,0.0004652756,0.0008909095,0.0858240426,-0.0006368621,0.02176564
9.9252872467,-0.0051815044,-0.0078977328,-0.01201439,0.0794097632,0.0003969767,0.0260139145
9.9354352951,-0.0044154953,-0.0172186475,-0.0074532041,0.0708913803,-0.0018342198,0.0207059681
9.9454278946,0.0012625323,-0.0197712164,-0.0019827497,0.0613545217,-0.00824265,0.0270760506
9.955496788,0.0039765108,-0.0126227718,0.0034012187,0.0507492796,-0.0146741848,0.0313227288
9.9656276703,-0.0030626787,-0.006537376,0.0085843196,0.0186804812,-0.0096980017,0.0239014961
9.9756317139,-0.0061113071,-0.0064468961,0.0154410591,-0.0123163164,-0.0058212378,0.0090461178
9.9856710434,-0.0091055464,-0.0074857455,0.0172086339,-0.0230856333,0.0036140091,0.0058679674
9.9959125519,-0.0071913134,-0.0027391894,0.0052937851,-0.0253152307,0.0131513216,0.0069350963
10.0061969757,-0.006287409,0.0029672997,-0.0018380296,-0.0359790623,0.011955562,0.000566413
10.0167036057,-0.0014452173,0.0018733757,-0.0001795304,-0.0295645725,0.010964334,0.0026878871
10.0261716843,0.0014068054,-0.0011367184,-0.0072105541,-0.0178001635,0.0089858714,0.0090552391
10.0360612869,0.0041755605,0.0066444892,-0.0053930893,-0.0070383316,0.000660297,0.0196663383
10.0460948944,0.0039986242,0.0057467241,0.0004173506,-0.0069330828,-0.0099563943,0.0185989421
10.0561904907,-1.17554e-05,-0.0039396267,0.0217307787,-0.03449893,-0.0282565728,0.0154114049
10.0662403107,-0.0049697291,0.0037896649,0.0273970943,-0.0090357279,-0.0131650362,0.0175361428
10.0763158798,-0.0089120399,-0.0040205102,-0.0056912913,0.0047176341,-0.0014005234,0.0132913301
10.0863628387,-0.0041149687,-0.011734603,0.00215572,-0.0068184342,-0.0216478724,0.0154073443
10.0964221954,0.0085980166,-0.0019695743,-0.001617254,0.0123776309,-0.0204398613,0.0122176763
10.1064872742,0.0017472671,-0.0028933866,-0.0141487727,0.0100902682,-0.005638612,0.0069161877
10.1166229248,-0.0061284732,0.0078669209,-0.0073151006,0.0067786276,0.0048949891,-0.0005103031
10.126625061,-0.0071288478,0.0108193178,-0.0062791118,0.0121378396,0.0028116652,-0.0015735036
10.1366138458,-0.0051822197,0.0177144427,0.0035864699,0.025028605,-0.0055645094,-0.0015809605
10.146771431,-0.0041936766,0.0197455902,0.0086394539,0.0154680964,-0.00987144,0.0016045131
10.1568861008,-0.0061456095,0.0100889821,6.42526e-05,0.0207206495,-0.0013091103,0.0058546518
10.1668891907,-0.0091132354,-0.0063714962,-0.0124285826,0.0184241254,0.01455261,0.000554229
10.1770515442,-0.014094783,-0.01307231,0.0003461826,0.0143271182,-0.0024468796,0.0026703766
10.1870222092,0.0005629527,-0.0129616838,0.0054211607,0.0155322514,-0.016201973,0.0069094636
10.1971502304,0.0054941345,-0.0129188281,0.0007171023,0.0027671875,-0.020585537,0.0026633195
10.2073860168,-0.0032659008,-0.0070596915,0.0027242887,0.009047322,-0.0077923099,0.00373158
10.2172374725,-0.0042072367,-0.0031542166,-0.0059396038,0.0164501108,-0.0014025876,-0.0026379025
10.2273378372,-0.0002657307,-0.0069801789,-0.0086871395,0.0196620431,-0.0024071317,0.0016071763
10.2373256683,0.0046009887,-0.003988741,-0.0056427727,0.0079135075,-0.0014417358,0.0026724408
10.2474737167,0.0026360021,0.000914039,-0.0036567461,0.009916259,0.0112960301,0.0005537629
10.2575073242,-0.0042525064,0.0048300643,-0.0017129194,-0.0028472068,0.0069332393,-0.0005069741
10.2675943375,-0.0013440682,0.0048177261,0.0069667092,-0.015555732,-0.0027351668,-0.0015697752
10.2776222229,0.0015991197,0.0008447188,0.0068229423,-0.0240927618,-0.002809735,-0.0015676445
10.2877569199,-0.0013146235,-0.000245629,-0.0021229994,-0.0135385757,0.00893314,-0.0047492567
10.2977275848,-0.0042602252,-0.0061362963,-0.0051474585,-0.0081688436,0.0058244327,-0.0005049768
